-4.718848588389245258e+00
-4.718848588389242593e+00
-4.659018389481651923e+00
-4.659018389481650146e+00
-4.659018389481649258e+00
-4.529220480852993447e+00
-4.529220480852993447e+00
-4.529220480852991670e+00
-4.529220480852991670e+00
-4.302775637731993896e+00
-4.273268092055898748e+00
-4.273268092055898748e+00
-4.273268092055898748e+00
-4.273268092055898748e+00
-4.121390705499550222e+00
-4.043633691625603710e+00
-4.043633691625602822e+00
-4.043633691625601934e+00
-4.043633691625601934e+00
-4.043633691625600157e+00
-4.043633691625598381e+00
-4.000000000000000000e+00
-4.000000000000000000e+00
-3.999999999999998668e+00
-3.999999999999998668e+00
-3.944808754632456171e+00
-3.904584740115982111e+00
-3.904584740115982111e+00
-3.904584740115976338e+00
-3.904584740115976338e+00
-3.875591819415423966e+00
-3.875591819415423966e+00
-3.673697782601942130e+00
-3.647348530536128397e+00
-3.647348530536128397e+00
-3.647348530536127953e+00
-3.647348530536127065e+00
-3.618033988749894903e+00
-3.618033988749894903e+00
-3.618033988749894014e+00
-3.427050983124844130e+00
-3.427050983124844130e+00
-3.427050983124841022e+00
-3.427050983124839689e+00
-3.365730596579042277e+00
-3.365730596579042277e+00
-3.365730596579041389e+00
-3.365730596579041389e+00
-3.365730596579041389e+00
-3.365730596579040945e+00
-3.365730596579040057e+00
-3.365730596579039613e+00
-3.209671551095003128e+00
-3.209671551095000019e+00
-3.154949692197403621e+00
-3.154949692197403177e+00
-3.154949692197400957e+00
-3.129492040622247728e+00
-3.129492040622245952e+00
-3.129492040622245508e+00
-3.129492040622244620e+00
-3.129492040622243731e+00
-3.129492040622243731e+00
-3.057394515707376748e+00
-3.057394515707376303e+00
-3.040629361949072518e+00
-3.040629361949072074e+00
-3.040629361949070741e+00
-3.000000000000001776e+00
-3.000000000000000888e+00
-3.000000000000000888e+00
-3.000000000000000888e+00
-3.000000000000000888e+00
-3.000000000000000444e+00
-3.000000000000000000e+00
-3.000000000000000000e+00
-3.000000000000000000e+00
-3.000000000000000000e+00
-2.999999999999999556e+00
-2.999999999999999556e+00
-2.999999999999999112e+00
-2.999999999999999112e+00
-2.999999999999999112e+00
-2.999999999999998668e+00
-2.999999999999995559e+00
-2.992998918900551697e+00
-2.992998918900550809e+00
-2.992998918900550809e+00
-2.992998918900550809e+00
-2.992998918900550365e+00
-2.992998918900549477e+00
-2.822875655532295358e+00
-2.822875655532295358e+00
-2.802775637731995229e+00
-2.802775637731994784e+00
-2.780776406404415368e+00
-2.780776406404415368e+00
-2.780776406404414924e+00
-2.780776406404414924e+00
-2.780776406404414480e+00
-2.780776406404413592e+00
-2.770690632574555945e+00
-2.770690632574555057e+00
-2.770690632574555057e+00
-2.770690632574555057e+00
-2.729378538715642399e+00
-2.729378538715641955e+00
-2.639548698143149963e+00
-2.639548698143149075e+00
-2.639548698143149075e+00
-2.639548698143148631e+00
-2.616274632102561171e+00
-2.616274632102558506e+00
-2.592376513845756847e+00
-2.592376513845756403e+00
-2.592376513845755959e+00
-2.592376513845754182e+00
-2.571998697327452010e+00
-2.571998697327452010e+00
-2.571998697327451566e+00
-2.571998697327451566e+00
-2.571998697327451566e+00
-2.571998697327450678e+00
-2.571998697327450678e+00
-2.571998697327450678e+00
-2.500000000000001776e+00
-2.500000000000001776e+00
-2.500000000000001332e+00
-2.500000000000001332e+00
-2.500000000000001332e+00
-2.500000000000000444e+00
-2.500000000000000000e+00
-2.500000000000000000e+00
-2.500000000000000000e+00
-2.500000000000000000e+00
-2.500000000000000000e+00
-2.499999999999999556e+00
-2.499999999999999112e+00
-2.499999999999999112e+00
-2.499999999999999112e+00
-2.499999999999999112e+00
-2.372692311899931905e+00
-2.372692311899931461e+00
-2.372692311899930573e+00
-2.372692311899929685e+00
-2.372692311899929241e+00
-2.372692311899928796e+00
-2.335853267144799350e+00
-2.302775637731994340e+00
-2.302775637731993008e+00
-2.282492086378670404e+00
-2.282492086378669516e+00
-2.260214025764832435e+00
-2.260214025764831547e+00
-2.260214025764830659e+00
-2.260214025764830659e+00
-2.186140661634507598e+00
-2.186140661634506266e+00
-2.186140661634505822e+00
-2.000000000000003553e+00
-2.000000000000002665e+00
-2.000000000000001332e+00
-2.000000000000000888e+00
-2.000000000000000444e+00
-2.000000000000000444e+00
-2.000000000000000444e+00
-2.000000000000000444e+00
-2.000000000000000444e+00
-2.000000000000000444e+00
-2.000000000000000000e+00
-2.000000000000000000e+00
-2.000000000000000000e+00
-2.000000000000000000e+00
-2.000000000000000000e+00
-2.000000000000000000e+00
-2.000000000000000000e+00
-2.000000000000000000e+00
-2.000000000000000000e+00
-2.000000000000000000e+00
-2.000000000000000000e+00
-2.000000000000000000e+00
-2.000000000000000000e+00
-2.000000000000000000e+00
-2.000000000000000000e+00
-2.000000000000000000e+00
-1.999999999999999778e+00
-1.999999999999999778e+00
-1.999999999999999778e+00
-1.999999999999999778e+00
-1.999999999999999778e+00
-1.999999999999999556e+00
-1.999999999999999556e+00
-1.999999999999999556e+00
-1.999999999999999334e+00
-1.999999999999999334e+00
-1.999999999999999334e+00
-1.999999999999999112e+00
-1.999999999999999112e+00
-1.999999999999998668e+00
-1.999999999999998224e+00
-1.999999999999998224e+00
-1.999999999999996891e+00
-1.954475764744234123e+00
-1.954475764744233457e+00
-1.954475764744232347e+00
-1.954475764744231681e+00
-1.954475764744231459e+00
-1.954475764744231236e+00
-1.954475764744231014e+00
-1.954475764744230792e+00
-1.939752675878360311e+00
-1.939752675878359645e+00
-1.939752675878359200e+00
-1.741805810271954469e+00
-1.741805810271953581e+00
-1.715593279993965270e+00
-1.715593279993963938e+00
-1.696375432928910909e+00
-1.696375432928910687e+00
-1.696375432928910021e+00
-1.696375432928909799e+00
-1.696375432928908467e+00
-1.696375432928908467e+00
-1.696375432928908245e+00
-1.696375432928907578e+00
-1.659517919595428603e+00
-1.659517919595425939e+00
-1.659517919595425495e+00
-1.652985625170195760e+00
-1.543945817538950882e+00
-1.543945817538950660e+00
-1.543945817538949994e+00
-1.543945817538949772e+00
-1.543945817538949106e+00
-1.543945817538948662e+00
-1.501718334831788848e+00
-1.501718334831788848e+00
-1.501718334831788848e+00
-1.501718334831788848e+00
-1.501718334831788404e+00
-1.501718334831788182e+00
-1.500000000000000666e+00
-1.500000000000000444e+00
-1.500000000000000444e+00
-1.500000000000000222e+00
-1.500000000000000000e+00
-1.500000000000000000e+00
-1.499999999999999778e+00
-1.499999999999999556e+00
-1.499999999999999556e+00
-1.499999999999999556e+00
-1.499999999999999334e+00
-1.499999999999999334e+00
-1.499999999999999112e+00
-1.433836606168212846e+00
-1.433836606168211514e+00
-1.433836606168209293e+00
-1.433836606168209071e+00
-1.381966011250105542e+00
-1.381966011250105542e+00
-1.381966011250104875e+00
-1.309016994374947229e+00
-1.309016994374947007e+00
-1.309016994374946785e+00
-1.309016994374946785e+00
-1.296749155012716592e+00
-1.296749155012716592e+00
-1.296749155012715926e+00
-1.296749155012715038e+00
-1.270120205628136656e+00
-1.270120205628136434e+00
-1.270120205628136212e+00
-1.212261568424558345e+00
-1.212261568424557900e+00
-1.212261568424557012e+00
-1.212261568424556790e+00
-1.151387818865997170e+00
-1.151387818865997170e+00
-1.151387818865996726e+00
-1.151387818865996726e+00
-1.141411931654399359e+00
-1.141411931654398471e+00
-1.124539956431930721e+00
-1.124539956431929832e+00
-1.124539956431928500e+00
-1.124539956431927834e+00
-1.124539956431927834e+00
-1.124539956431926724e+00
-1.124539956431925614e+00
-1.124539956431924725e+00
-1.063059756408450740e+00
-1.063059756408449630e+00
-1.000000000000002887e+00
-1.000000000000002665e+00
-1.000000000000002665e+00
-1.000000000000002442e+00
-1.000000000000002442e+00
-1.000000000000001776e+00
-1.000000000000001554e+00
-1.000000000000001110e+00
-1.000000000000001110e+00
-1.000000000000001110e+00
-1.000000000000001110e+00
-1.000000000000001110e+00
-1.000000000000000222e+00
-1.000000000000000222e+00
-1.000000000000000222e+00
-1.000000000000000222e+00
-1.000000000000000222e+00
-1.000000000000000222e+00
-1.000000000000000222e+00
-1.000000000000000000e+00
-1.000000000000000000e+00
-1.000000000000000000e+00
-1.000000000000000000e+00
-1.000000000000000000e+00
-1.000000000000000000e+00
-1.000000000000000000e+00
-1.000000000000000000e+00
-9.999999999999998890e-01
-9.999999999999998890e-01
-9.999999999999998890e-01
-9.999999999999997780e-01
-9.999999999999996669e-01
-9.999999999999996669e-01
-9.999999999999995559e-01
-9.999999999999993339e-01
-9.999999999999993339e-01
-9.999999999999993339e-01
-9.999999999999993339e-01
-9.999999999999993339e-01
-9.999999999999993339e-01
-9.999999999999993339e-01
-9.999999999999992228e-01
-9.999999999999992228e-01
-9.999999999999988898e-01
-9.999999999999987788e-01
-9.999999999999987788e-01
-9.999999999999987788e-01
-9.999999999999987788e-01
-9.999999999999987788e-01
-9.999999999999985567e-01
-9.999999999999985567e-01
-9.999999999999985567e-01
-9.999999999999985567e-01
-9.999999999999984457e-01
-9.999999999999983347e-01
-9.999999999999982236e-01
-9.999999999999982236e-01
-9.999999999999980016e-01
-9.999999999999978906e-01
-9.999999999999978906e-01
-9.999999999999958922e-01
-8.761916662884380314e-01
-8.761916662884368101e-01
-8.761916662884368101e-01
-8.761916662884358109e-01
-8.008314410579505660e-01
-8.008314410579503440e-01
-7.944927255527800547e-01
-7.192235935955850756e-01
-7.192235935955849646e-01
-7.192235935955848536e-01
-7.192235935955847426e-01
-7.192235935955844095e-01
-7.192235935955841875e-01
-7.024860041181855141e-01
-7.024860041181839598e-01
-6.972243622680056596e-01
-6.970344862534286756e-01
-6.970344862534285646e-01
-6.970344862534280095e-01
-6.970344862534280095e-01
-6.802094629610827559e-01
-6.802094629610825338e-01
-6.802094629610823118e-01
-6.802094629610823118e-01
-6.802094629610819787e-01
-6.802094629610814236e-01
-6.543335068936673160e-01
-6.180339887498952356e-01
-6.180339887498947915e-01
-6.113154554591215817e-01
-6.113154554591214707e-01
-6.113154554591212486e-01
-6.010638336795661729e-01
-6.010638336795655068e-01
-6.010638336795653958e-01
-6.010638336795653958e-01
-6.010638336795651737e-01
-6.010638336795648407e-01
-5.849208892673074534e-01
-5.849208892673072313e-01
-5.849208892673058990e-01
-5.849208892673050109e-01
-5.784721438307652841e-01
-5.784721438307651731e-01
-5.784721438307649510e-01
-5.784721438307649510e-01
-5.000000000000017764e-01
-5.000000000000013323e-01
-5.000000000000011102e-01
-5.000000000000011102e-01
-5.000000000000006661e-01
-5.000000000000006661e-01
-5.000000000000004441e-01
-5.000000000000004441e-01
-5.000000000000001110e-01
-5.000000000000000000e-01
-4.999999999999997780e-01
-4.999999999999997224e-01
-4.999999999999996114e-01
-4.999999999999993894e-01
-4.999999999999993894e-01
-4.999999999999992784e-01
-4.999999999999988898e-01
-4.999999999999985567e-01
-3.784702766558871723e-01
-3.660254037844387631e-01
-3.660254037844367647e-01
-1.909830056250530206e-01
-1.909830056250530206e-01
-1.909830056250527985e-01
-1.909830056250527708e-01
-1.771243444677051970e-01
-1.771243444677038648e-01
-1.586882464835153439e-01
-1.586882464835152329e-01
-1.586882464835136786e-01
-1.586882464835129014e-01
-1.268470797498301161e-01
-1.268470797498293667e-01
-1.268470797498292557e-01
-1.268470797498291724e-01
-1.016630913877278886e-01
-1.016630913877275694e-01
-1.016630913877272363e-01
-1.016630913877264175e-01
-1.016630913877262510e-01
-1.016630913877260983e-01
-7.294901687515813193e-02
-7.294901687515789601e-02
-7.294901687515789601e-02
-7.294901687515763233e-02
-2.394134672806448856e-15
-1.054711873393898713e-15
-8.393491019875685633e-16
-7.988401606873196670e-16
-7.035060257584244750e-16
-7.035060257584242778e-16
-5.360295540768333922e-16
-5.360295540768333922e-16
-5.162211442474597552e-16
-3.530162273612802437e-16
-2.247986171407448816e-16
-2.045673362976726152e-16
-2.014369054868349967e-16
-1.608242375776552155e-16
-1.269311111249954204e-16
-3.129919280553698552e-17
-2.198380378617713124e-17
-2.760550251275205008e-18
-1.941337383942333740e-31
0.000000000000000000e+00
0.000000000000000000e+00
0.000000000000000000e+00
0.000000000000000000e+00
0.000000000000000000e+00
0.000000000000000000e+00
0.000000000000000000e+00
0.000000000000000000e+00
0.000000000000000000e+00
0.000000000000000000e+00
0.000000000000000000e+00
2.465190328815661892e-32
2.584443936238652089e-17
3.394100373975150199e-17
6.400666176798177453e-17
6.400666176798177453e-17
6.819304718169445047e-17
8.829371687394313324e-17
9.454242944073598665e-17
9.454242944073598665e-17
1.270524534002064436e-16
1.270524534002064436e-16
1.327063459122257427e-16
1.942890293094023946e-16
2.027855456977511942e-16
2.027855456977511942e-16
3.051339660825868205e-16
3.051339660825868205e-16
3.375427188076996649e-16
3.512815038853034366e-16
4.041985014704114489e-16
5.860193142121108038e-16
5.912735749300942909e-16
7.035060257584244750e-16
7.035060257584244750e-16
7.778700287923261851e-16
8.465450562766818621e-16
1.525975925163061042e-15
6.769912511718144399e-02
6.769912511718155501e-02
6.769912511718188808e-02
6.769912511718258197e-02
6.769912511718290116e-02
6.769912511718323422e-02
2.393014801852336448e-01
2.706906325745546682e-01
2.706906325745546682e-01
2.706906325745550568e-01
2.706906325745552788e-01
2.806054652253132109e-01
2.806054652253137660e-01
2.806054652253140436e-01
2.806054652253140436e-01
3.157953061665452199e-01
3.157953061665457750e-01
3.157953061665458860e-01
3.157953061665459971e-01
3.157953061665459971e-01
3.157953061665461081e-01
3.157953061665462191e-01
3.157953061665463301e-01
4.999999999999993894e-01
4.999999999999996114e-01
4.999999999999999445e-01
5.000000000000002220e-01
6.403076882201788056e-01
6.403076882201798048e-01
6.403076882201799158e-01
6.403076882201805820e-01
6.403076882201808040e-01
6.403076882201814701e-01
6.513878188659971702e-01
6.513878188659971702e-01
6.513878188659975033e-01
6.513878188659975033e-01
6.861406616345055998e-01
6.861406616345071541e-01
6.861406616345072651e-01
8.027756377319944514e-01
8.027756377319946735e-01
8.204468888862831433e-01
8.204468888862853637e-01
8.204468888862856968e-01
8.589057203788658112e-01
8.589057203788660333e-01
8.589057203788664774e-01
8.589057203788666994e-01
8.589057203788666994e-01
8.589057203788669215e-01
9.030869822535392277e-01
9.030869822535402269e-01
9.030869822535404490e-01
9.030869822535412261e-01
9.525788240898135362e-01
9.525788240898135362e-01
9.525788240898135362e-01
9.525788240898135362e-01
9.525788240898136472e-01
9.525788240898139803e-01
9.525788240898142023e-01
9.525788240898144243e-01
9.999999999999960032e-01
9.999999999999964473e-01
9.999999999999973355e-01
9.999999999999977796e-01
9.999999999999977796e-01
9.999999999999977796e-01
9.999999999999977796e-01
9.999999999999982236e-01
9.999999999999985567e-01
9.999999999999985567e-01
9.999999999999986677e-01
9.999999999999991118e-01
9.999999999999992228e-01
9.999999999999993339e-01
9.999999999999993339e-01
9.999999999999993339e-01
9.999999999999994449e-01
9.999999999999994449e-01
9.999999999999995559e-01
9.999999999999996669e-01
9.999999999999996669e-01
9.999999999999996669e-01
9.999999999999997780e-01
9.999999999999998890e-01
9.999999999999998890e-01
9.999999999999998890e-01
9.999999999999998890e-01
1.000000000000000000e+00
1.000000000000000000e+00
1.000000000000000222e+00
1.000000000000000222e+00
1.000000000000000222e+00
1.000000000000000444e+00
1.000000000000000444e+00
1.000000000000000888e+00
1.000000000000000888e+00
1.000000000000000888e+00
1.000000000000000888e+00
1.000000000000001110e+00
1.000000000000001332e+00
1.000000000000001332e+00
1.000000000000001332e+00
1.000000000000001332e+00
1.000000000000001776e+00
1.000000000000002220e+00
1.000000000000002665e+00
1.000000000000002665e+00
1.000000000000002665e+00
1.085263370510425318e+00
1.085263370510425318e+00
1.093082165420402152e+00
1.093082165420403928e+00
1.140718043143993832e+00
1.140718043143994276e+00
1.162552820262288122e+00
1.162552820262288344e+00
1.162552820262288344e+00
1.162552820262288789e+00
1.289591954872401969e+00
1.289591954872402413e+00
1.289591954872402635e+00
1.289591954872403079e+00
1.292438295124092473e+00
1.292438295124092695e+00
1.302775637731994784e+00
1.302775637731995229e+00
1.366025403784439707e+00
1.366025403784439707e+00
1.383217741926351607e+00
1.383217741926351829e+00
1.444746317755201348e+00
1.444746317755201570e+00
1.444746317755201570e+00
1.444746317755201570e+00
1.444746317755201792e+00
1.444746317755202236e+00
1.444746317755202458e+00
1.444746317755202458e+00
1.507485573228670717e+00
1.507485573228671605e+00
1.507485573228671827e+00
1.507485573228672271e+00
1.507485573228672493e+00
1.507485573228672937e+00
1.618033988749893348e+00
1.618033988749897789e+00
1.660120339183549509e+00
1.660120339183552396e+00
1.814467611792828450e+00
1.814467611792828894e+00
1.814467611792830004e+00
1.999999999999998224e+00
1.999999999999999112e+00
1.999999999999999112e+00
1.999999999999999556e+00
1.999999999999999778e+00
1.999999999999999778e+00
1.999999999999999778e+00
2.000000000000000000e+00
2.000000000000000000e+00
2.000000000000000000e+00
2.000000000000000000e+00
2.000000000000000000e+00
2.000000000000000000e+00
2.000000000000000000e+00
2.000000000000000000e+00
2.000000000000000000e+00
2.000000000000000000e+00
2.000000000000000000e+00
2.000000000000000000e+00
2.000000000000000000e+00
2.000000000000000000e+00
2.000000000000000000e+00
2.000000000000000000e+00
2.000000000000000444e+00
2.000000000000000444e+00
2.000000000000000444e+00
2.000000000000000444e+00
2.000000000000000444e+00
2.000000000000000888e+00
2.000000000000000888e+00
2.000000000000001332e+00
2.000000000000002665e+00
2.151944817408193877e+00
2.151944817408194321e+00
2.151944817408194766e+00
2.548444382101858974e+00
2.548444382101859418e+00
2.548444382101862082e+00
2.754018409978336468e+00
2.754018409978336468e+00
2.754018409978336912e+00
2.754018409978337356e+00
2.893019396502539919e+00
2.893019396502539919e+00
2.893019396502540364e+00
2.893019396502540364e+00
2.893019396502540364e+00
2.893019396502541696e+00
2.988699874470436946e+00
2.999999999999998224e+00
2.999999999999998668e+00
2.999999999999999112e+00
2.999999999999999112e+00
2.999999999999999112e+00
3.000000000000000000e+00
3.000000000000000000e+00
3.000000000000000000e+00
3.000000000000000000e+00
3.000000000000000000e+00
3.000000000000000444e+00
3.000000000000000888e+00
3.000000000000000888e+00
3.000000000000001332e+00
3.000000000000001776e+00
3.000000000000002665e+00
3.328031289495609446e+00
3.421707290201617901e+00
3.421707290201618346e+00
3.421707290201619678e+00
3.421707290201620122e+00
3.999999999999999112e+00
4.000000000000000000e+00
4.000000000000000000e+00
4.000000000000000000e+00
