-3.000000000000000000e+00
-2.000000000000000000e+00
-2.000000000000000000e+00
-1.500000000000000222e+00
-1.500000000000000000e+00
-1.499999999999999778e+00
-1.499999999999999778e+00
-1.000000000000000222e+00
-1.000000000000000222e+00
-1.000000000000000222e+00
-9.999999999999995559e-01
-9.999999999999995559e-01
-9.999999999999995559e-01
-4.440892098500626162e-16
0.000000000000000000e+00
0.000000000000000000e+00
0.000000000000000000e+00
0.000000000000000000e+00
0.000000000000000000e+00
2.220446049250313081e-16
9.999999999999995559e-01
9.999999999999995559e-01
1.000000000000000222e+00
1.000000000000000222e+00
2.000000000000000000e+00
2.000000000000000000e+00
2.000000000000000000e+00
