-3.372281323269014308e+00
-3.000000000000000000e+00
-2.802775637731994784e+00
-2.802775637731994784e+00
-2.802775637731994784e+00
-2.802775637731994340e+00
-2.500000000000000000e+00
-2.500000000000000000e+00
-2.000000000000000444e+00
-2.000000000000000444e+00
-2.000000000000000444e+00
-2.000000000000000444e+00
-2.000000000000000444e+00
-2.000000000000000000e+00
-2.000000000000000000e+00
-2.000000000000000000e+00
-2.000000000000000000e+00
-2.000000000000000000e+00
-2.000000000000000000e+00
-2.000000000000000000e+00
-2.000000000000000000e+00
-1.999999999999999778e+00
-1.999999999999999778e+00
-1.500000000000000000e+00
-1.500000000000000000e+00
-1.000000000000000000e+00
-1.000000000000000000e+00
-1.000000000000000000e+00
-1.000000000000000000e+00
-1.000000000000000000e+00
-1.000000000000000000e+00
-1.000000000000000000e+00
-1.000000000000000000e+00
-9.999999999999998890e-01
-9.999999999999998890e-01
-4.999999999999998335e-01
-4.999999999999998335e-01
-7.135599501605699864e-16
-3.673940397442059868e-16
-3.673940397442059868e-16
-3.673940397442059868e-16
-3.673940397442059868e-16
-2.952911727689802674e-16
-2.894200602996897038e-16
0.000000000000000000e+00
0.000000000000000000e+00
0.000000000000000000e+00
0.000000000000000000e+00
0.000000000000000000e+00
0.000000000000000000e+00
0.000000000000000000e+00
0.000000000000000000e+00
0.000000000000000000e+00
0.000000000000000000e+00
1.110223024625156540e-16
1.224646799147352961e-16
1.224646799147352961e-16
1.224646799147352961e-16
1.224646799147352961e-16
1.639932882561645220e-16
2.734977076943660831e-16
4.063134752314966610e-16
5.000000000000001110e-01
5.000000000000001110e-01
8.027756377319945624e-01
8.027756377319947845e-01
8.027756377319948955e-01
8.027756377319948955e-01
1.999999999999999334e+00
1.999999999999999334e+00
2.000000000000000000e+00
2.000000000000000000e+00
2.000000000000000000e+00
2.000000000000000000e+00
2.000000000000000000e+00
2.000000000000000444e+00
2.000000000000000444e+00
2.000000000000000444e+00
2.000000000000000444e+00
2.000000000000000444e+00
2.372281323269014752e+00
