11.248037068163532
11.248037068163532
11.248037068163525
11.065227832307894
11.065227832307894
9.306675891741317
8.662882010346033
8.657976760822836
8.657976760822836
8.657976760822836
8.657976760822834
8.063532588075779
8.063532588075764
6.481080152183720
6.481080152183719
5.791677176221874
5.791677176221870
5.791677176221866
5.421909557114028
5.421909557114025
5.421909557114025
3.790737053062996
3.790737053062993
3.118890411464794
3.118890411464786
2.958921205854569
2.958921205854564
2.958921205854563
2.958921205854562
2.116741093804408
2.116741093804406
1.929449471770335
0.953137136205862
0.250000000000000
0.250000000000000
0.250000000000000
0.249999999999999
0.249999999999997
0.235484013369333
0.235484013369333
0.235484013369333
0.00000000000
-0.362599685623073
-0.362599685623074
-0.362599685623075
-1.349827627014560
-1.437076270406664
-1.437076270406664
-1.625660474823871
-1.625660474823871
-1.625660474823872
-2.429449471770339
-2.877480421348348
-2.877480421348353
-2.997539622795272
-2.997539622795273
-2.997539622795273
-2.997539622795274
-4.416016701397999
-4.416016701398001
-4.416016701398002
-5.055974199575041
-5.055974199575048
-5.075832683032555
-5.075832683032559
-5.075832683032563
-7.105004298762840
-7.105004298762840
-7.590841617892030
-8.119358343882125
-8.119358343882126
-8.119358343882128
-8.119358343882128
-8.304942578192204
-8.304942578192211
-10.732025793386637
-10.855731362614454
-10.855731362614462
-11.216998269991256
-11.216998269991262
-11.216998269991262
