-12.270231830055396
-12.270231830055389
-10.733666336755952
-10.069390063366962
-9.060858377591751
-9.060858377591751
-9.060858377591751
-8.419560252873284
-8.419560252873282
-8.419560252873278
-6.383158148575644
-6.383158148575637
-6.383158148575632
-6.352277902330186
-6.352277902330185
-6.273324224596429
-6.273324224596422
-6.250906641891413
-6.250906641891411
-6.164309032262214
-6.164309032262212
-6.164309032262212
-6.164309032262211
-5.730618769293929
-5.448935789669534
-5.448935789669532
-5.038951239070341
-4.949876862328434
-4.949876862328423
-4.532986251596143
-4.532986251596141
-4.532986251596141
-4.532986251596141
-3.353197524407229
-3.353197524407228
-3.353197524407226
-3.273406176414287
-3.002245918852136
-3.002245918852133
-2.753141709527037
-2.753141709527034
-2.753141709527034
-2.753141709527031
-2.646622091502864
-2.646622091502863
-2.646622091502862
-2.500000000000006
-2.500000000000000
-2.500000000000000
-2.500000000000000
-2.499999999999995
-2.002043720414641
-2.002043720414640
-2.002043720414639
-1.825844696317418
-1.825844696317417
-1.587175599207617
-1.587175599207614
-1.332228906443854
-1.332228906443853
-0.953827936085984
-0.635382900549627
-0.635382900549625
-0.635382900549624
-0.397581339114120
-0.397581339114115
-0.302660107585638
-0.302660107585633
-0.302660107585631
-0.080803683543577
-0.080803683543570
0
0.216457675593863
0.256166291525251
0.601566977837033
0.601566977837038
0.601566977837038
0.601566977837040
0.975606313924293
0.975606313924297
1.014605271271656
1.014605271271658
1.015859809070357
1.015859809070358
1.015859809070360
1.020308313587130
1.114881844698814
1.791357286454801
1.791357286454802
1.791357286454810
1.812876191672553
2.051032557261542
2.051032557261543
2.054529439890590
2.054529439890591
2.054529439890594
2.464728271742040
2.464728271742042
2.464728271742044
2.464728271742044
2.561461716067067
2.599451504679192
2.710382274715613
2.710382274715615
2.710382274715616
2.999999999999997
3.000000000000001
3.165957899766594
3.165957899766600
3.217491411604103
3.217491411604104
3.217491411604105
3.264426167093818
3.264426167093818
3.275854965551124
3.873065426792698
3.930285431436003
3.930285431436005
4.357654287008264
4.373227423701834
4.373227423701834
4.373227423701836
4.744551703509988
4.744551703509988
4.764857447396031
4.764857447396040
4.764857447396043
4.838082241099029
4.838082241099031
5.078388983561651
5.078388983561652
5.095728306021306
5.095728306021313
5.095728306021315
5.095728306021317
5.270280349321774
5.629364135391933
5.629364135391936
5.732050357363664
5.732050357363669
5.732050357363673
5.902527336054253
5.997898395939853
5.997898395939854
5.997898395939856
6.168989353312808
6.168989353312815
6.168989353312816
6.168989353312816
6.251638235870590
6.251638235870590
6.639239164264768
6.871779959503020
6.871779959503024
6.913606012729136
7.197663951269839
7.197663951269844
7.241663577600812
7.241663577600815
7.548559413909176
7.548559413909178
7.548559413909183
7.889853801872584
8.012439704238972
8.012439704238977
8.048368645785640
8.048368645785644
8.195982486905091
8.195982486905091
8.195982486905095
8.291793376177347
8.291793376177351
8.291793376177356
8.468003039901994
8.884687492644268
8.929394188779456
8.929394188779456
9.084392860883399
9.084392860883403
9.084392860883410
9.119424084472175
9.119424084472177
9.119424084472177
9.119424084472181
9.374280903298303
9.374280903298303
9.470513926885971
9.470513926885971
9.807459688038790
9.894356293199492
10.161917758900962
10.161917758900971
10.343135676951986
10.647301560880138
10.647301560880139
10.781521078539114
10.816967757221121
10.816967757221125
10.816967757221128
10.989949094629180
10.989949094629189
10.989949094629189
11.783921524648289
11.862403712063079
11.862403712063086
11.999999999999995
11.999999999999995
12.122579175754746
12.122579175754746
12.422108994367830
12.422108994367832
12.660280744665648
12.660280744665650
12.660280744665654
12.782275159258591
13.142554967689829
13.262004386769918
13.262004386769929
13.262004386769933
13.345289206597041
13.345289206597041
13.920776472179945
14.125358959870058
14.125358959870061
14.245875071040452
14.245875071040452
14.710043063865781
14.821095142124749
15.455920358765942
15.455920358765947
15.455920358765953
15.977688392619838
15.977688392619839
16.548872176333433
16.587175599207608
16.587175599207615
16.668859213157941
16.668859213157944
16.859992272946350
17.289815197741845
17.339978797436935
17.339978797436938
17.339978797436956
18.075989445512761
18.075989445512761
18.524216278708529
18.776715574088868
18.776715574088868
20.000000000000000
20.972807969213903
21.250906641891415
21.250906641891415
22.411220290848199
22.411220290848210
22.508215798228996
25.052426347353144
