  -6.5066482321390549e+00
  -4.6722671515161878e+00
  -4.4256046253733556e+00
  -3.7256281065351970e+00
  -3.3666798836181036e+00
  -3.3101799910891900e+00
   1.1642154031457475e+00
  -1.9591565200837604e+00
  -1.0061082752617727e+00
   4.6015522250084701e-01
  -1.4004674143083402e+00
   2.7193298351659106e-01
  -1.0610927699720458e+00
   6.0838712537312523e-01
  -9.5795888826104580e-01
  -1.3210186557633514e+00
  -2.6121726604063680e+00
  -1.0570868117974415e+00
  -2.5532259970067750e-01
  -3.9865331444189933e-01
  -1.0804804113710036e+00
  -2.6234536251336738e+00
  -1.9580285694330009e+00
  -5.2292136965115021e-01
  -1.5415131821713339e+00
  -1.8606029145175773e+00
  -1.5874248181264825e+00
  -8.8431948443414277e-01
  -1.1257335182433996e+00
  -1.7447535862543195e+00
  -1.8919211825743896e+00
  -7.4894247340811848e-01
  -1.0230705819441865e+00
  -1.1239485090249799e+00
  -2.1224606266067356e+00
  -4.7454312792604297e-01
  -1.2075899705181471e-01
  -1.5999261776314304e+00
  -1.7156551065394181e+00
  -9.6373966035471992e-01
  -2.6653555778744048e-01
  -6.9623783712926579e-01
  -1.7635975961152555e+00
  -1.5453312986174563e+00
  -7.3472332025143050e-01
  -8.1205121319353493e-02
  -9.3378782810730820e-01
  -1.6044805236222539e+00
  -1.1753142078894527e+00
  -4.9227364977147342e-01
  -8.5265544548061356e-01
  -1.7035767569489892e+00
  -1.3893310629255280e+00
  -6.7569970783548172e-01
  -1.1573792108441543e+00
  -1.1292715402606470e+00
  -1.3115274082919510e+00
  -8.7433519805672832e-01
  -1.4398840605821019e+00
  -9.2631043259179491e-01
  -1.1785522391944085e+00
  -7.8162906625960415e-01
  -1.1770245633778793e+00
  -9.4600518987025706e-01
  -1.7319770863494122e+00
  -1.3363668378957489e+00
  -8.7706848296774920e-01
  -2.0764188384218896e+00
  -1.5233645554044211e+00
  -6.7373788127097833e-01
  -1.8027157996656535e+00
  -1.2381332761160826e+00
  -4.3079579908996174e-01
  -9.8014501899225936e-01
  -1.0471397787323125e+00
  -1.3975699877473766e+00
  -5.2333253012332093e-01
  -6.7637192522938572e-01
  -1.5198174586689059e+00
  -1.3931346637601105e+00
  -2.0487395703574474e+00
  -2.6096252045071608e+00
  -1.1084507352661923e+00
  -1.1362058745303529e+00
  -1.2020275658347688e+00
  -1.6770077680793902e+00
  -4.7822876467288317e-01
  -1.4575977765603760e+00
  -2.4513450876656226e+00
  -1.4624860387256338e+00
  -1.9615483521675114e+00
  -1.0190140029430439e+00
  -7.6462957548407551e-01
  -7.5643536275436007e-01
  -1.2123969394430243e+00
  -1.2474504586735025e+00
  -7.5223276852136711e-01
  -7.0780011214359284e-01
  -9.6623740892895005e-01
  -1.3624700854780991e+00
  -8.7117659647889145e-01
  -3.1166647057305802e-01
  -1.2592379349650800e+00
  -1.5505189796402543e+00
  -1.3828457485668950e+00
  -2.0855134816986536e+00
  -1.9545044596189327e+00
  -8.4855532827785729e-01
  -7.2975308914960091e-01
  -1.7051205668349787e+00
  -7.4674412669355517e-01
  -3.3945435074001745e-01
  -1.1949001744458738e+00
  -1.3307738125100381e+00
  -1.1296585765699778e+00
  -6.6112858783405670e-01
  -1.2416881459889777e+00
  -1.2092049417339337e+00
  -6.2584206543814558e-01
  -4.4676806432477117e-01
  -1.4568278043504599e+00
  -1.0237212419960726e+00
  -3.4514722558265787e-01
  -8.3141237641286214e-01
  -1.6910069579916682e+00
  -9.3088899155651061e-01
  -8.6076725211242511e-01
  -1.7737269416975654e+00
  -1.6866959588093675e+00
  -1.2131491513858710e+00
  -1.1226882435075991e+00
  -1.3709128801563568e+00
  -9.5691347460379450e-01
  -2.1859490724976154e+00
  -2.4747410657380069e+00
  -4.6394907557990511e-01
  -1.3959088308641201e+00
  -9.9727786155393583e-01
  -2.2976426597480076e-01
  -8.3029131177283710e-01
  -1.2837488966991504e+00
  -5.8701218545853173e-01
  -7.5816595976447843e-01
  -2.0385505035319671e+00
  -1.2071800181225192e+00
  -2.2804243688051291e+00
  -1.0283865455407541e+00
  -1.0395866724913472e+00
  -1.7943781616683216e+00
  -1.3495621911785360e+00
  -2.3382614203681755e+00
  -1.9388291919634340e+00
  -8.2498479520202017e-01
  -6.1266627510662430e-01
  -1.5125562381422246e+00
  -6.0357009532653028e-01
  -5.5647236640449460e-01
  -1.4376987702474258e+00
  -9.4097586394903976e-01
  -8.2798829313249778e-01
  -3.9758206627060488e-01
  -1.3162715235831124e+00
  -8.7459862288695844e-01
  -9.4129847032480962e-01
  -1.1129280751538804e+00
  -1.2744988648389981e+00
  -7.8929148360246348e-01
  -1.3196240234735375e+00
  -1.1911475838826913e+00
  -1.4316662118954431e+00
  -1.1310541188253309e+00
  -1.1248350189639851e+00
  -6.4298579013934887e-01
  -4.3458745429686035e-01
  -1.1180401525058428e+00
  -7.6539821321640256e-01
  -9.4036317386438772e-01
  -2.3066188780700729e+00
  -1.4609530536325639e+00
  -1.5574755717418685e+00
  -1.6655425334855039e+00
  -7.2553746112991135e-01
  -1.7114400840595014e+00
  -1.3261373484429042e+00
  -1.1068767650308591e+00
  -1.9663043117065551e+00
  -3.1909195171375615e-01
  -7.3958443815554464e-01
  -1.1945930546197014e+00
  -9.4952356090710155e-01
  -1.7390028420917345e+00
  -2.9891015735809141e+00
  -1.0952403056326616e+00
  -1.3800386548110823e+00
  -1.3051998848286996e+00
  -5.8530076335621339e-01
  -1.6653778122120300e+00
  -1.4100052522008584e+00
  -7.5188988219486663e-01
  -1.8172994176853665e+00
