  -5.3985504406141169e+00
  -4.8874876452274840e+00
  -3.9429218208614323e+00
  -3.8143948906828418e+00
  -3.4491122717376195e+00
  -3.5702140237079729e+00
  -2.8765181588774857e+00
   5.3358764028693340e-01
  -1.0160167142174923e+00
  -5.5313551717829934e-01
   2.6261856378505449e-02
  -9.4280622860391172e-01
   5.2037888558449441e-01
  -1.8210244070635864e+00
  -1.6707463741993633e+00
  -1.8613127568999797e+00
  -2.4595499815436850e+00
  -4.6360490139830074e-01
  -1.1254968424544411e+00
  -2.5215831469406567e+00
  -1.5050086431969969e+00
  -1.0024597085856479e+00
  -4.4460925503545173e-01
  -8.7583145880048019e-01
  -2.0922643133819174e+00
  -1.8172706055116568e+00
  -7.3685231846684318e-01
  -4.0053820464644918e-01
  -9.7669088610173116e-01
  -2.3507929965863021e+00
  -1.7485313765057198e+00
  -1.0498470838160681e+00
  -1.4879333020795846e+00
  -2.2326703494705971e+00
  -7.6491518194484009e-01
  -3.9493641657888540e-01
  -7.6040145261695158e-01
  -2.1859012291159257e+00
  -1.1391398490318125e+00
  -1.8664031739087319e-01
  -7.1491222030925727e-01
  -8.1656390342882956e-01
  -1.3306306873346343e+00
  -1.6011419519130081e+00
  -9.9935247366790358e-01
  -3.4495912955490521e-01
  -2.8732079408203381e-01
  -1.0318762326791771e+00
  -2.0395372303532051e+00
  -6.5436503235167187e-01
  -2.2277357080586097e-01
  -3.9708775289052656e-01
  -7.0364276914606372e-01
  -1.8962135459123337e+00
  -1.4454525283821660e+00
  -2.7182727970502668e-01
  -9.8137235020058700e-01
  -2.0346409415492572e+00
  -1.0561243582300124e+00
  -6.0777981482904475e-01
  -6.3846981996285024e-01
  -1.8700861862832379e+00
  -1.1503305523135297e+00
  -8.0299234766867078e-01
  -1.0051054289518555e+00
  -1.1228711418473114e+00
  -1.3625181061946068e+00
  -1.1918674154195967e+00
  -3.2330244463197988e-01
  -7.5910582384223046e-01
  -1.9615282036958210e+00
  -8.9601309326817924e-01
  -2.9986836866097344e-01
  -7.7775929780495712e-01
  -1.8826422247646359e+00
  -2.3022311713812385e+00
  -1.6498870727774981e+00
  -1.8749919996333388e+00
  -1.2289538600137317e+00
   9.1779458277065615e-02
  -5.5283262818797063e-01
  -2.0961617045013865e+00
  -8.2794339558006980e-01
  -2.7341860329671674e-01
  -1.7104788078454636e+00
  -8.3143135963274140e-01
  -7.1085201481319804e-01
  -4.8852609962528576e-01
  -1.7096452399850459e+00
  -6.4231248356325210e-01
  -2.7542081210470998e-01
  -9.3762372551529227e-01
  -1.7528229869621283e+00
  -9.4474209651722318e-01
  -1.4564488320826154e+00
  -2.6083027448191700e+00
  -1.0327889698029253e+00
  -1.0662754937331038e+00
  -1.5820265790870147e+00
  -1.0793722197382569e+00
  -1.2583270845961101e+00
  -2.5966522003546606e+00
  -1.6437717405533874e+00
  -8.1110868143265291e-01
  -1.3113261592540331e+00
  -1.2928545493413479e+00
  -5.4243307706952248e-01
  -6.3688101632823702e-01
  -1.5744830503981071e+00
  -9.5153455678022814e-01
  -3.5174521363482530e-01
  -1.1065242605996870e+00
  -2.4023638435458445e+00
  -7.7787934729682395e-01
  -2.0543044595167155e+00
  -1.4357872878282183e+00
  -7.3943506400169701e-01
  -1.5512391241713475e+00
  -9.9923775227194789e-01
  -5.1442073224853269e-01
  -1.2419864900207811e+00
  -1.4058227279843427e+00
  -3.5981378679735510e-01
  -8.0989782697969015e-01
  -1.3973717346600718e+00
  -9.9432254273298215e-01
  -7.4427021126755333e-01
  -1.3229681258509525e+00
  -1.3041234208995549e+00
  -2.1116001771194401e+00
  -2.5377779795165725e+00
  -1.0804567474807851e+00
  -1.8464303746421569e+00
  -1.3228483088203355e+00
  -1.8450983089384441e+00
  -1.3307908416371470e+00
  -8.3522377726102626e-01
  -1.1769081075849592e+00
  -1.1257241749724942e+00
  -9.5967692972832097e-01
  -7.7432577250470835e-01
  -1.0669688716377554e+00
  -1.1073060972016602e+00
  -6.3933246453403925e-01
  -8.2254883093149522e-01
  -1.1185480886887378e+00
  -1.2543063398430467e+00
  -6.0274957290296682e-01
  -6.9214318173582190e-01
  -1.3129437765936485e+00
  -5.8077537133082380e-01
  -2.9321015943930773e-01
  -8.6579905081201769e-01
  -1.0678144224978263e+00
  -2.5014967058476861e-01
  -8.1745558942264851e-01
  -1.2182223827787004e+00
  -7.9912061942374857e-01
  -1.8349728971554407e+00
  -2.1023020332124451e+00
  -1.5311099670338142e+00
  -1.5678469927090948e+00
  -1.2334648327493558e+00
  -1.3144837641476852e+00
  -1.6912756630245691e+00
  -9.0641540220096906e-01
  -1.7135158546748557e+00
  -1.2756907505901827e+00
  -1.1609421215071507e+00
  -1.4253942718694914e+00
  -2.2059864207660267e+00
  -1.3180939937773002e+00
  -1.3821004060892821e+00
  -7.6387291559692305e-01
  -1.8682344550511812e-01
  -6.8440796300848439e-01
  -1.2642058413522423e+00
  -8.7440857260617666e-01
  -1.5634513946153981e+00
  -1.5490367884851290e+00
  -6.5667476646976453e-01
  -1.6097009385406600e+00
  -8.1968347135424535e-01
  -9.6163072983850872e-01
  -1.7808083532561712e+00
  -1.5647908018289183e+00
  -2.8754758734062786e+00
  -1.5625739327540704e+00
  -5.7901334344106448e-01
  -1.0734923837848012e+00
  -9.3536681360955765e-01
  -6.6954079710383330e-01
  -2.1947627030516341e+00
  -1.1653032760306679e+00
  -1.6700098004554262e+00
  -1.4185566441979256e+00
  -1.3100164725798511e+00
  -1.8452825749228170e+00
  -1.4434591050178056e+00
  -7.8800318980653661e-01
