  -5.5877760455163941e+00
  -4.5485917408041949e+00
  -4.2970084856018795e+00
  -4.1707290435169684e+00
  -3.5920979806804998e+00
  -3.3718116829971492e+00
  -1.5738204388357249e+00
   1.4960282152511215e+00
  -1.5997420654636598e+00
   9.4634944550673239e-01
  -1.0637608305934372e+00
  -4.7401004766539617e-01
  -1.4006676215913203e+00
  -3.1739759873753797e+00
  -1.0778311979667015e+00
  -9.4115950628591394e-01
  -8.9936600162753857e-02
  -1.0218779853019855e+00
  -1.1492243800985662e+00
  -2.3657219309979443e+00
  -1.9491774244839615e+00
  -3.7018480122032521e-01
  -7.0413755592283234e-01
  -7.6345961897523551e-01
  -2.0955179633766954e+00
  -1.8808228673864513e+00
  -3.2552759889812166e-01
  -6.3189120426029000e-01
  -1.8894221886183458e+00
  -1.7101409168631094e+00
  -9.7503946821269660e-01
  -9.1606326031447249e-01
  -1.4684945371041367e+00
  -2.1256865645003211e+00
  -1.3043059227489762e+00
  -5.7903670472139590e-01
  -1.2012779802332376e+00
  -2.1366640105963115e+00
  -1.2798992114469585e+00
  -1.1925506434838049e-01
  -5.3751043058685710e-01
  -1.3905534652794047e+00
  -1.8378242253566233e+00
  -7.9419917637319792e-01
  -3.4044162476145612e-01
  -8.9841404451582141e-01
  -9.9792658937504042e-01
  -1.3599864926428908e+00
  -1.6778869467943855e+00
  -5.1176887515312230e-01
  -3.1128986879742593e-01
  -1.2000450660132767e+00
  -1.7434706773213327e+00
  -1.4128046071014655e+00
  -3.4919422774205866e-01
  -1.1016194302129780e+00
  -8.9693812036526643e-01
  -1.6013582716866652e+00
  -7.2769686479407758e-01
  -9.8183398032675717e-01
  -1.1203453217926793e+00
  -1.5599771688496316e+00
  -6.3864222764440837e-01
  -1.3767842206364449e+00
  -8.6195729977498137e-01
  -1.1954587205658698e+00
  -1.2394148046352031e+00
  -9.9395371244512098e-01
  -7.6527692629962285e-01
  -1.8281165312495316e+00
  -1.7793044956344832e+00
  -2.1350172301102499e+00
  -1.9533629573174593e+00
  -1.4475767518167251e+00
  -7.2297337954432517e-01
  -5.7707444428108889e-01
  -1.7471565913666738e+00
  -5.1494151714027903e-01
  -4.8787460430111035e-01
  -4.9011486373781998e-01
  -1.3349486331876870e+00
  -1.4429371199703516e+00
  -4.4905337758485470e-01
  -9.0944094088804162e-01
  -1.3507652646282442e+00
  -1.6334756359956377e+00
  -5.0232026555468923e-01
  -1.9856035646912364e+00
  -2.3481745778254535e+00
  -1.0596084164829445e+00
  -1.4666350596428834e+00
  -1.2802644188285039e+00
  -7.2808265228869595e-01
  -3.1653471453116050e-01
  -9.2483357307006309e-01
  -1.5396784682893569e+00
  -9.1406584981663908e-01
   2.8274976073109465e-01
  -5.9941006160371846e-01
  -1.9881253005615360e+00
  -4.6603806270683146e-01
  -6.5783397201520433e-01
  -1.2056512194571793e+00
  -1.2481079535823787e+00
  -9.0490829802403849e-01
  -1.0078805771132873e+00
  -1.8144289826558337e+00
  -1.8983462557957893e+00
  -1.6931002602971350e+00
  -1.0917365643720742e+00
  -1.4586430727120998e+00
  -7.4014721967470065e-01
  -1.0134469412973723e+00
  -1.5880413491675212e+00
  -2.1494855997139455e+00
  -1.1352024126174969e+00
  -1.7008519711248569e+00
  -1.1252907949545277e+00
  -6.8564415793507949e-01
  -9.7126758514710088e-01
  -1.4037511782392171e+00
  -7.2288542306575521e-01
  -6.7858493540047993e-01
  -2.2843111551466215e+00
  -1.8744779274422476e+00
  -2.0661375287955783e+00
  -2.0456313895316613e+00
  -3.0773318519651316e-01
  -1.5069688337886080e+00
  -1.4898075811774072e+00
  -3.6514095829581622e-01
  -7.5960408385837186e-01
  -2.0905399752936726e+00
  -1.1007373770412106e+00
  -1.4182372463471205e+00
  -1.7062818422774901e+00
  -2.1870792807187700e-01
  -1.2769653817495057e+00
  -9.1369640631362015e-01
  -4.1943766573639141e-01
  -5.2185874564894752e-01
  -1.0472223229016586e+00
  -8.8941086387002999e-01
  -7.0194596356834993e-01
  -8.0278466933173476e-01
  -1.0909377977349559e+00
  -7.0515136493534780e-01
  -1.1713782497185907e+00
  -1.0688831531940415e+00
  -4.1554057107294617e-01
  -9.9074018640247230e-01
  -2.1380104652544043e+00
  -1.5832542026906473e+00
  -2.4440205967302928e+00
  -1.1805307349457415e+00
  -3.9125302031724019e-01
  -1.2032452233283315e+00
  -1.4000898155803985e+00
  -4.1257575640838123e-01
  -1.1271949054549437e+00
  -1.2839765332774962e+00
  -9.7471671601833254e-01
  -2.0141013524621472e+00
  -1.0142229778705278e+00
  -6.3046827214908807e-01
  -1.7137924944437519e+00
  -6.7350562233298550e-01
  -8.4419340946607713e-01
  -1.6846392245334969e+00
  -4.8599073098752277e-01
  -6.7374462304649663e-01
  -1.3239773314471677e+00
  -8.7783606474838416e-01
  -1.2487424255896113e+00
  -1.1897279691431781e+00
  -2.1556302441342217e+00
  -1.1997649490900077e+00
  -1.9775447080136417e+00
  -2.1021036689433861e+00
  -7.9588190243477797e-01
  -1.3849112233423773e+00
  -7.0451999527321740e-01
  -1.2520175496044781e+00
  -1.2190520995397864e+00
  -8.1335159652792000e-01
  -1.5814640962490762e+00
  -2.4339951246518194e+00
  -1.0296264454092798e+00
  -1.5061267457608782e+00
  -6.6090873002844719e-01
  -2.9159572045438803e-01
  -1.0883281222290493e+00
  -1.0031396114097262e+00
  -5.8916298344421081e-01
  -1.7477796253162734e+00
  -1.5112720610107857e+00
  -2.1238760956340830e+00
  -1.1267797992033339e+00
  -1.3412174109120567e+00
  -1.6144723557203020e+00
