  -5.3985504424219997e+00
  -4.8874876451159093e+00
  -3.9429217897407223e+00
  -3.8143947139136309e+00
  -3.4491155397549602e+00
  -3.5705869652196229e+00
  -2.8916748116779201e+00
   4.2326734963713430e-01
  -1.0339317374589145e+00
  -7.3276037971131425e-01
   2.3310521249844679e-01
  -1.0429966610534367e+00
   3.1395835757948698e-01
  -2.0294754578082421e+00
  -2.0506360743369658e+00
  -1.7969291345283853e+00
  -2.1053095978346064e+00
  -1.4360227569589173e-01
  -9.0176926485586184e-01
  -2.4279825011722433e+00
  -1.6428235575917727e+00
  -9.8925186776975926e-01
  -4.1218411184593029e-01
  -1.1431845584834448e+00
  -2.4524768704530677e+00
  -1.3508308989482378e+00
  -5.0425078628601394e-01
  -8.4652377873149820e-01
  -2.2332076454042329e+00
  -1.9305256080732229e+00
  -5.0467271920511070e-01
  -8.1730464517174495e-01
  -1.7766012413325210e+00
  -1.9772989065220699e+00
  -4.7638191712876965e-01
  -4.4884587919030350e-01
  -7.2077163322087034e-01
  -2.1194300411763871e+00
  -1.2358470588416606e+00
  -3.6355933078910424e-01
  -8.0342130335159412e-01
  -7.1252747349326340e-01
  -1.1019682832782498e+00
  -1.6433589671496260e+00
  -1.3355606293819928e+00
  -4.0121282556533111e-01
  -3.3521596564601486e-01
  -1.2105301135011062e+00
  -2.0933741927346277e+00
  -5.9197574463013269e-01
  -2.1620621848572441e-01
  -5.5961583042268648e-01
  -1.3096731645058282e+00
  -2.0444779740403565e+00
  -9.1440799066448897e-01
  -1.6575639655106142e-01
  -1.3040502500877384e+00
  -1.7438800136370716e+00
  -7.4041221606907526e-01
  -5.3644330922915195e-01
  -6.5871613732181411e-01
  -1.9030996548550372e+00
  -1.0577854646279459e+00
  -7.2545360301402950e-01
  -9.6618216648818867e-01
  -1.0967070029391990e+00
  -1.4329288457484215e+00
  -1.2939783679970276e+00
  -3.0355104557137191e-01
  -6.0206940677824272e-01
  -1.9408924309299203e+00
  -1.2076923886970796e+00
  -8.3844672505758155e-01
  -2.5273810134350585e+00
  -2.2972037604638631e+00
  -8.1474882564241413e-01
  -8.2692243022566414e-01
  -1.4707397221358238e+00
  -1.1658318080851937e+00
   6.8503171748499611e-02
  -5.9091361181641111e-01
  -2.0968708462611017e+00
  -7.7287930692709339e-01
  -2.9731631737967434e-01
  -1.6608703892706986e+00
  -8.1319511332707062e-01
  -7.2790399604758427e-01
  -4.8587592879249264e-01
  -1.9274747691067624e+00
  -1.2877541933199701e+00
  -2.1322708806423480e+00
  -2.1057235987511942e+00
  -6.1888143556890485e-01
  -6.8647379388146801e-01
  -1.6203963078016304e+00
  -1.1112772954901391e+00
  -7.4673656415073075e-01
  -2.3727985596275629e+00
  -1.7858528425801106e+00
  -1.1419704672048667e+00
  -1.5068183636695109e+00
  -1.3197875566727688e+00
  -4.8998359080174742e-01
  -5.1700014646815584e-01
  -1.1547941546174265e+00
  -1.3079837982391789e+00
  -6.2524737603660396e-01
  -6.7629212417932205e-01
  -1.6205907823252554e+00
  -1.1842846446568625e+00
  -1.2092293411825104e+00
  -2.5646168234910096e+00
  -9.7278067104919463e-01
  -3.6794440894960434e-01
  -1.7459193033668750e+00
  -1.0245857864846004e+00
  -4.7730267985101377e-01
  -1.3159810895385828e+00
  -1.1622843417104765e+00
  -5.3452121647612749e-01
  -1.1344942033966188e+00
  -1.6416750095577339e+00
  -4.3653893963330515e-01
  -7.0031966198156392e-01
  -1.4071125525731678e+00
  -1.1610667632298810e+00
  -8.9384120019960089e-01
  -2.0465743232063671e+00
  -2.3763284935777511e+00
  -1.7277359819388651e+00
  -1.6014495329756502e+00
  -8.0439680360934773e-01
  -1.8614851601836138e+00
  -1.3490475358874370e+00
  -1.6066232832775020e+00
  -1.1506392449833853e+00
  -8.0113772427024554e-01
  -1.1128048927995924e+00
  -1.1175258870428910e+00
  -9.8679080963744015e-01
  -8.0210109183758449e-01
  -1.0291832474813944e+00
  -1.1814874400257991e+00
  -6.3903535404284628e-01
  -5.9495464431773948e-01
  -7.5956939176710880e-01
  -1.1205931348723424e+00
  -5.6605514057972484e-01
  -3.5367096142046972e-01
  -1.0682109413616510e+00
  -8.3114281929651024e-01
  -8.2026182708665951e-01
  -2.4102754243323048e+00
  -1.9636759863435946e+00
  -1.0446376644192312e+00
  -1.5263594024929694e+00
  -5.2842183995964720e-01
  -1.3436496957163000e+00
  -1.0126578861599105e+00
  -1.1285530005130964e+00
  -1.3199901317593048e+00
  -1.6508692357427863e+00
  -1.0066707069418315e+00
  -1.3352344568955525e+00
  -1.3088418198486877e+00
  -6.4744919270691548e-01
  -1.9356680909280450e+00
  -1.7938811225593243e+00
  -1.7509152337996632e+00
  -1.4437371263141641e+00
  -1.2899074351658333e+00
  -9.0380057561017535e-01
  -1.4008279696547332e+00
  -1.0523691185975539e+00
  -5.6768505341606401e-01
  -1.7265963975030905e+00
  -1.0775212618514878e+00
  -9.4219775751535639e-01
  -9.6278012429007720e-01
  -8.0838331462360236e-01
  -5.1646431549625582e-01
  -1.6137116181003750e+00
  -7.6179102724643954e-01
  -1.6736620012335692e+00
  -2.5823955994766936e+00
  -1.7501626559707151e+00
  -1.7107906766037344e+00
  -6.2520841437425201e-01
  -3.9087170508040714e-01
  -1.1736594703476109e+00
  -1.2991583372952882e+00
  -1.4008579126749803e+00
  -2.3849217450682474e+00
  -8.1165090721410715e-01
  -1.4836157040376958e+00
  -7.9289813898750328e-01
  -6.6221262627904665e-01
  -1.1298949851837536e+00
  -1.5372754144595180e+00
  -8.6141920920980797e-01
