  -5.3902844418713185e+00
  -4.8443799702652059e+00
  -3.9177250475997067e+00
  -3.5840451052011382e+00
  -3.5579867185443268e+00
  -3.4457584261749221e+00
  -1.7725711279494487e+00
   9.8450608407696572e-01
  -1.4750381960385741e+00
   8.1990841897479783e-01
  -9.9732247165781873e-01
  -9.6839368691094752e-01
  -2.4606500718351249e-01
  -1.9395177258904461e+00
  -2.3472140019788359e+00
  -1.3436362127116612e+00
  -8.8468874752909332e-01
  -1.0737828346039378e+00
  -2.3771530335293449e+00
  -1.3909934275489544e+00
  -1.2206906255704764e+00
  -5.9361769747745807e-01
  -9.7351475199197257e-01
  -2.2609317383092113e+00
  -1.6065602663157905e+00
  -7.1573321689295222e-01
  -7.4097481283257915e-01
  -2.3148863361442626e+00
  -1.6937378915795507e+00
  -6.5286589199438860e-01
  -1.1679844331476030e+00
  -1.7955151729297749e+00
  -1.5458753743955287e+00
  -1.0319487832344127e+00
  -1.0156068747701801e+00
  -8.9789596221553070e-01
  -1.5860161570120621e+00
  -1.8846006010222163e+00
  -7.2240289359672893e-01
  -3.0751275876257772e-01
  -8.2221473750909202e-01
  -1.2643152899587398e+00
  -1.9318734092669141e+00
  -1.0366127008200889e+00
  -2.8729956798865636e-01
  -6.5112530846930350e-01
  -1.3607708841415234e+00
  -1.6809390118916920e+00
  -8.2217353568386220e-01
  -6.6683514012457079e-01
  -5.3673161479484877e-01
  -8.6919053081442477e-01
  -2.2474973869705499e+00
  -3.7409860261674011e-01
  -3.0530283028355482e-01
  -1.4613450248836775e+00
  -2.0384595340900282e+00
  -5.4497844385621952e-01
   8.0370943803841372e-03
  -8.7400669934899500e-01
  -1.6659702553927542e+00
  -1.5724949289073582e+00
  -5.5362814026778084e-01
  -7.8222240117402908e-01
  -1.3817658385135776e+00
  -1.5476533275950610e+00
  -3.5585542053934693e-01
  -8.6666383259541280e-01
  -1.2270274660399416e+00
  -1.6789484575021187e+00
  -5.5792390712304862e-01
  -1.1952831147162697e+00
  -3.2516648762994498e+00
  -1.1263903743816721e+00
  -1.2823470293291224e+00
  -1.7937694132190209e+00
  -4.5472859714988650e-01
  -4.3105445059397296e-01
  -4.1936324023506721e-01
  -1.3146028024335676e+00
  -1.2488333317283797e+00
  -9.1116814795817247e-01
  -2.0873781938056549e-01
  -1.4950501356961836e+00
  -1.6996244118513306e+00
  -3.2710410517201960e-01
  -9.7325360121421733e-01
  -3.1589386536640940e+00
  -9.3544361358702222e-01
  -1.3473441575160843e+00
  -1.5000838105545662e+00
  -5.3839701886036739e-01
  -7.2804435199892104e-01
  -1.0231719948165265e+00
  -1.7489535746208009e+00
  -4.8552661329030100e-01
  -1.8234303832355887e+00
  -2.1352586907509825e+00
  -1.3767950788566741e+00
  -1.4170126641220941e+00
  -1.2798197191333309e+00
  -6.6293553791686632e-01
  -1.0445929580726916e+00
  -1.0966656644336976e+00
  -6.7370968099123008e-01
  -6.6520506257177481e-01
  -1.2276548291827665e+00
  -1.2976505737821384e+00
  -8.1324781985587880e-01
  -1.7879665678676018e+00
  -2.0924206617587937e+00
  -1.1047496655096707e+00
  -1.3815904831413186e+00
  -8.3013476828275268e-01
  -9.4708495574168949e-01
  -1.4517824162307589e+00
  -8.1090006122515457e-01
  -1.1200288848694779e+00
  -1.0051257745978968e+00
  -1.0555685035929381e+00
  -1.0635850577371768e+00
  -1.2196903572155808e+00
  -1.0090819004525580e+00
  -2.4864888657499198e+00
  -2.0491676204917448e+00
  -1.6407998124873990e+00
  -1.8618916314971852e+00
   9.2161685216082492e-02
  -1.1074299026746783e+00
  -1.9269930939343902e+00
  -9.4041610149313226e-01
  -1.8023044543072435e+00
  -1.5271741827122229e+00
  -6.2955881756465171e-01
  -1.5490137913838786e+00
  -6.7286863865932045e-01
  -2.8048041205067792e-01
  -1.0715804376900822e+00
  -1.3028096128161688e+00
  -1.8570845632190425e-01
  -8.0492288185649019e-01
  -6.2929545715848167e-01
  -7.9737967990160030e-01
  -5.0407731151497304e-01
  -1.2672516622077128e+00
  -1.1526303340139887e+00
  -6.0273789096022112e-01
  -2.5681794565268841e+00
  -1.3091787990167238e+00
  -2.2936171497002658e+00
  -1.0538332487940432e+00
  -6.7215882038965846e-01
  -1.2496538427057506e+00
  -9.2884352200127562e-01
  -4.0693027708069035e-01
  -8.0283081694638314e-01
  -1.6955997647658527e+00
  -9.9217043560136897e-01
  -1.1190220267192494e+00
  -1.7443112172071538e+00
  -1.1547139407115008e+00
  -1.1583726876844833e+00
  -1.6016247721919312e+00
  -4.2084118056851849e-01
  -8.2686041533172172e-01
  -1.4106576506166715e+00
  -8.3549736548608489e-01
  -1.1848047448556953e+00
  -1.5962543226328580e+00
  -1.4039127591962322e+00
  -2.3693501726976085e+00
  -1.1504234404226084e+00
  -4.9070115574697593e-01
  -1.4253017972429780e+00
  -1.0321987704078610e+00
  -1.3616965838503279e+00
  -2.6583679212238773e+00
  -1.0157912454511304e+00
  -2.0216198416163564e+00
  -1.2391232860763846e+00
  -1.4876886790604460e+00
  -1.1933617480548602e+00
  -6.9219290604545780e-01
  -1.1475558971070208e+00
  -1.0531704341949106e+00
  -1.1461392781380542e+00
  -7.7322475652984157e-01
  -7.7454585547593213e-01
  -6.5097037011049164e-01
  -1.1505958793297242e+00
  -1.1597532592312620e+00
  -1.9573344889899795e+00
  -1.9607619919572925e+00
  -5.9185304408295492e-01
  -1.2689427406412042e+00
  -1.1729658446287294e+00
  -4.1159580462572148e-01
  -1.7631883754695117e+00
  -1.1398703671691013e+00
  -1.6644152967627226e+00
