   4.1348145808543058e-01
   3.4304004624516932e-01
   4.3382512921797878e-01
   4.5725628930703843e-01
   9.4307314796852582e-01
   1.3622873331487284e+00
   1.1873920825365569e+00
   2.7494946037573063e+00
   1.6963474770452796e+00
   2.5494118887945296e+00
   2.1645140285491653e+00
   2.0905138100529959e+00
   2.4850019088332180e+00
   3.1767564469538714e+00
   3.0604289258664501e+00
   2.1694926874213420e+00
   2.2484733335521092e+00
   2.6720611061365096e+00
   2.9598799419176696e+00
   3.0162577206914838e+00
   2.0596908875694337e+00
   2.1741267158160080e+00
   3.3356960864551342e+00
   2.6810988257616124e+00
   2.3456895998405805e+00
   2.2385891983102670e+00
   2.6447808577208218e+00
   3.2992754793537555e+00
   2.4704496456955760e+00
   2.1871809230924844e+00
   2.2776454909145234e+00
   2.7890609397175772e+00
   2.9409434224025741e+00
   2.4323152334751961e+00
   2.3829276978225060e+00
   2.1987739032888030e+00
   2.4047910125409460e+00
   2.8650802627215648e+00
   2.7492012087012152e+00
   2.0100679608758973e+00
   2.2187029444289563e+00
   2.1624522953605796e+00
   2.7216710786739400e+00
   2.7903548619159833e+00
   2.2073395344366435e+00
   2.2298041131512951e+00
   2.7174444405627884e+00
   2.7055262787172056e+00
   2.2795861664675257e+00
   2.2278526230973217e+00
   2.4234988248307441e+00
   2.8756798983022804e+00
   2.3593102074527947e+00
   2.1750408510100012e+00
   2.8603442546519102e+00
   2.4809279674958651e+00
   2.0870466798831648e+00
   2.2791160949846034e+00
   2.9511749349781895e+00
   2.2285330184396472e+00
   2.1548578413039681e+00
   2.2306128776106435e+00
   2.4575940780251879e+00
   2.6935900421764924e+00
   2.2803777318828642e+00
   2.3645924433093501e+00
   2.8550762308652575e+00
   2.3620484048625054e+00
   2.2390913611032430e+00
   2.7950243336049971e+00
   3.0086612737982592e+00
   2.8085122503829396e+00
   2.7898991648806142e+00
   2.3954344917502399e+00
   2.1575583983934425e+00
   2.3441351255589251e+00
   2.6196494457471795e+00
   2.3673877673774824e+00
   2.1208067670731645e+00
   2.6009874830913580e+00
   2.5959731029484754e+00
   2.2978772095658107e+00
   2.3141427755768524e+00
   2.5560566150656943e+00
   2.6254221048256223e+00
   2.2223575848482482e+00
   2.5965952835985897e+00
   3.3550190218510889e+00
   2.3601708793452287e+00
   2.5163157521387243e+00
   2.6407345286525374e+00
   2.4166992045103806e+00
   2.0692080019999106e+00
   2.4121319551224065e+00
   2.4911148103724394e+00
   2.2037082281571005e+00
   2.3849851065097241e+00
   2.3028401692050808e+00
   2.7663966597411727e+00
   2.3886170149892001e+00
   3.0018540353811511e+00
   2.8133103226196421e+00
   2.3329989989113824e+00
   2.2667432150044591e+00
   2.5183439335632172e+00
   2.3871570583307262e+00
   2.1525441792786806e+00
   2.5886774183760073e+00
   2.7699534194032234e+00
   2.4173202123998148e+00
   3.0269431792372377e+00
   2.3334283190998408e+00
   2.5044232666306465e+00
   2.5810520420838983e+00
   2.2861379605370935e+00
   2.3503089347880364e+00
   2.4843764469074623e+00
   2.3562722544638657e+00
   1.9846170624812138e+00
   2.6368646786058885e+00
   2.3001245801155310e+00
   2.1685901878034697e+00
   2.6191190465580547e+00
   2.9073060933127732e+00
   2.9751065400096608e+00
   2.8336106250472248e+00
   2.5396402704735159e+00
   2.1285482958497215e+00
   2.4895901461238310e+00
   2.4467181110574603e+00
   2.0374956370007120e+00
   2.4215066037311517e+00
   2.6503598411523890e+00
   2.2968406735033269e+00
   2.4796162208553962e+00
   2.9810475432419645e+00
   2.3509507426291458e+00
   2.5796903510318723e+00
   2.5542502284380291e+00
   2.3739245095053483e+00
   2.3404091182106566e+00
   2.5463135201674425e+00
   2.4090851763691239e+00
   2.3659204618894827e+00
   2.6935714340659427e+00
   2.4298650221599130e+00
   2.2147181877869513e+00
   2.6313347315745883e+00
   2.4065768957091076e+00
   2.2229395508258509e+00
   2.6510748960051362e+00
   2.6514305278177837e+00
   2.7348467444383018e+00
   3.0259615028768927e+00
   2.4948743090833294e+00
   2.3848103691114160e+00
   2.4967869769831501e+00
   1.9828152276715718e+00
   2.3165088397584159e+00
   2.5856856835677777e+00
   2.1832813062465370e+00
   2.1015457279843734e+00
   2.7758189933898350e+00
   2.1869860739890483e+00
   2.6081641450800124e+00
   2.6617227893081035e+00
   2.4267474092061629e+00
   2.3494679557848488e+00
   2.5044086294234589e+00
   2.2663753566494975e+00
   2.1342075551814794e+00
   2.7088119809794229e+00
   2.3814404980644923e+00
   2.4842454722572191e+00
   2.9251627308038297e+00
   2.9870507237928856e+00
   2.8523146401183932e+00
   2.6680681535923760e+00
   2.4924432783368933e+00
   3.0452474268249077e+00
   2.5717126760237257e+00
   2.6669639828960263e+00
   2.8894749329914684e+00
   2.6772706125426673e+00
   2.7288496500086348e+00
   2.5269241681427803e+00
   2.2609872516440555e+00
   2.3380921515949549e+00
   2.6318185861944170e+00
   2.1276045316573895e+00
   2.3412037342532814e+00
   2.4152186622976584e+00
   2.2552812415019190e+00
   2.7562848197251451e+00
   2.8461879542326907e+00
   2.5142378859426469e+00
   2.4553984509532012e+00
   2.3509583273013446e+00
   2.1286253828318937e+00
   2.1552698921109239e+00
