   1.7601981476822410e+00
   2.2200420679931412e+00
   2.5670968278597948e+00
   2.7666933192566332e+00
   2.8751417476481893e+00
   2.8902322511860588e+00
   2.8431016936951514e+00
   2.7390665316493905e+00
   2.7403448775862014e+00
   2.8361842209172865e+00
   2.8960981702727384e+00
   2.8559068926678206e+00
   2.7467178652730233e+00
   2.7379641307936717e+00
   2.7114440606508894e+00
   2.7168226668413253e+00
   2.7695446942509805e+00
   2.7268026793153721e+00
   2.7111378159468660e+00
   2.6637201910990194e+00
   2.6187252158405139e+00
   2.6994669131754048e+00
   2.7704196678183979e+00
   2.7910548900433194e+00
   2.7141412210272380e+00
   2.6561532060102997e+00
   2.6020153022035397e+00
   2.6358321114367498e+00
   2.5702562141471663e+00
   2.5729452233624435e+00
   2.6170451549602758e+00
   2.6130564775390077e+00
   2.5849045758598161e+00
   2.6172699035102958e+00
   2.5862629329332694e+00
   2.5091421637802527e+00
   2.4813135701675666e+00
   2.4784974362782708e+00
   2.4734708451563319e+00
   2.5874207044714419e+00
   2.5915027391864260e+00
   2.4181619742191822e+00
   2.3491242359207885e+00
   2.4791245457484550e+00
   2.4855422055191303e+00
   2.4366965091158028e+00
   2.5121859878899042e+00
   2.6000150082603883e+00
   2.6151083271820226e+00
   2.5567918388008510e+00
   2.4300702075343130e+00
   2.4546938240107949e+00
   2.4927513348373913e+00
   2.4762565837537807e+00
   2.4963736045214797e+00
   2.4262393105298710e+00
   2.4066656933439332e+00
   2.3982103748845156e+00
   2.4597081638232341e+00
   2.5083459141417901e+00
   2.4918114854857474e+00
   2.4656524338027270e+00
   2.4973498020631104e+00
   2.4590508098973705e+00
   2.4720832286707926e+00
   2.3983000874171041e+00
   2.3960829704477375e+00
   2.3813005269021854e+00
   2.4053531257655156e+00
   2.4634645596375897e+00
   2.3906048284408605e+00
   2.5545687370483834e+00
   2.9506164971688569e+00
   3.0675086654331367e+00
   2.7377498922973786e+00
   2.5096208571356056e+00
   2.4352116970334543e+00
   2.3971058990043117e+00
   2.4524679228847286e+00
   2.4917320963312823e+00
   2.3621397028940705e+00
   2.2856189711546766e+00
   2.3153788718690405e+00
   2.3328828319532362e+00
   2.3714473048765150e+00
   2.4729313225682912e+00
   2.5489587961042135e+00
   2.8673101997474379e+00
   2.9023827109526952e+00
   2.6228956688529910e+00
   2.4142337252627435e+00
   2.4233055086199466e+00
   2.3644092569765336e+00
   2.3936178503392540e+00
   2.4322268319987259e+00
   2.3284904357324048e+00
   2.2781398941978654e+00
   2.2883437500885973e+00
   2.3329749910829074e+00
   2.3689032473721778e+00
   2.3273678880526933e+00
   2.3557748677784121e+00
   2.4426073670280579e+00
   2.6828583983855934e+00
   2.8645623038197816e+00
   2.7030727270700252e+00
   2.4866368864590265e+00
   2.3733721216128001e+00
   2.3763807745100141e+00
   2.5267384411273559e+00
   2.7603578113041802e+00
   2.7647605867804548e+00
   2.5886817802642641e+00
   2.5189364030004548e+00
   2.4487411955541911e+00
   2.4194098178217849e+00
   2.3583875644043273e+00
   2.3513671509873402e+00
   2.3524967699433947e+00
   2.3260270129361271e+00
   2.3719039027648328e+00
   2.4196399914282205e+00
   2.3769087941587532e+00
   2.4536258817309391e+00
   2.4265114939599446e+00
   2.3814252935480211e+00
   2.3355021587038727e+00
   2.3384066002235273e+00
   2.4713609879293417e+00
   2.8928871898062227e+00
   3.0623513855371192e+00
   2.7073497318952455e+00
   2.5077014870441126e+00
   2.3591877644424026e+00
   2.3684929084082360e+00
   2.3559740248281358e+00
   2.2976249969494131e+00
   2.3131212222344186e+00
   2.3223184559136283e+00
   2.4208846006833853e+00
   2.6440782348389309e+00
   2.6442282364171148e+00
   2.5805439698822612e+00
   2.5803427673908415e+00
   2.4601270669542434e+00
   2.3346944203570779e+00
   2.3307438671570297e+00
   2.2869160496257064e+00
   2.2836606332092129e+00
   2.3187554281969440e+00
   2.4481742672812912e+00
   2.7148872586457644e+00
   2.8654306189156835e+00
   2.8130087545135698e+00
   2.6868125941841994e+00
   2.4506985512557038e+00
   2.3959691902164413e+00
   2.4121074386870029e+00
   2.4433114714439026e+00
   2.4833231570247660e+00
   2.5199794403774800e+00
   2.4954942599389263e+00
   2.3676846377630651e+00
   2.3417447531222937e+00
   2.3092045189759252e+00
   2.3509440549939913e+00
   2.5384064694245256e+00
   2.6268803294366618e+00
   2.5909618704871713e+00
   2.4002433627239301e+00
   2.2297172063052582e+00
   2.2228239449746732e+00
   2.2717338087836696e+00
   2.3276364824881925e+00
   2.3713926938307539e+00
   2.4648527202508776e+00
   2.5577732416449290e+00
   2.6529918257747980e+00
   2.7274066083130171e+00
   2.8202024736673947e+00
   2.6901288908496146e+00
   2.6845304983676472e+00
   2.8902454550756680e+00
   2.7503565705308399e+00
   2.4489529334960012e+00
   2.4977555332560311e+00
   2.8566350952736315e+00
   3.1322758691962456e+00
   2.6626356419990684e+00
   2.3465364948476637e+00
   2.2864893517074809e+00
   2.2773014423470594e+00
   2.3629759654810032e+00
   2.4107605076649485e+00
   2.5210648345299473e+00
   2.8032093373252165e+00
   2.7652018244123262e+00
   2.5221203424836593e+00
   2.4115800639449838e+00
   2.3420329862677507e+00
