   1.5532987400265255e-01
   4.6399062537355462e-01
   5.6739739876414541e-01
   5.9772613179602663e-01
   8.1791190453554530e-01
   1.5186010908704386e+00
   3.2613792375997157e+00
   1.4098213209811044e+00
   2.4130546007247760e+00
   1.9957362476201295e+00
   2.1266797892861948e+00
   2.6052884222484858e+00
   2.3561178135102780e+00
   3.8058925654746210e+00
   2.6642765743440164e+00
   2.1540379665245752e+00
   2.2856623300410308e+00
   2.6458568524171655e+00
   3.2696789116931377e+00
   2.4888626899610995e+00
   2.3256575207925785e+00
   2.2466304901919347e+00
   2.9361035917863942e+00
   3.3103366497989182e+00
   2.2483038050452806e+00
   2.4235366935509344e+00
   2.4618247319582260e+00
   3.0992668249762008e+00
   2.7150069434911517e+00
   2.0608770071555935e+00
   2.3514916805478570e+00
   2.8926606283289780e+00
   2.9699571223454484e+00
   2.1881903436221379e+00
   2.1495533390414443e+00
   2.6185483039150177e+00
   2.6483478795781323e+00
   2.4540735284437289e+00
   2.2225090884353049e+00
   2.4148034877161253e+00
   2.6366825959265818e+00
   2.8163433222679637e+00
   2.2755491577795177e+00
   2.3623644806159061e+00
   2.5085697749773330e+00
   2.6179571463366131e+00
   2.4367977688839675e+00
   1.9966086708579855e+00
   2.5297646728569037e+00
   2.4629219076810216e+00
   2.8412654948187162e+00
   2.2924074340650993e+00
   2.3840583037962699e+00
   2.8112986650271563e+00
   2.5518154463438658e+00
   2.0162931074407258e+00
   2.3959560913422444e+00
   2.6267105338391943e+00
   2.6166106750181481e+00
   2.3152326269503507e+00
   2.2904647870777750e+00
   2.5669889977240983e+00
   2.7817017230117460e+00
   2.1212539143306772e+00
   2.0131103849050209e+00
   2.5481210091915520e+00
   2.8061222529867065e+00
   2.1962073241674358e+00
   2.2484136615169121e+00
   2.6418738894873952e+00
   2.6700942122697904e+00
   2.9025003471208750e+00
   2.8329433032335154e+00
   3.1244061275518988e+00
   2.2676129743017368e+00
   2.2550017887933556e+00
   2.4543602519110292e+00
   2.5770326966358525e+00
   2.2776064915642267e+00
   1.9961199743590130e+00
   2.3933671359968280e+00
   2.7709774764332575e+00
   2.1485661700553509e+00
   2.2405856745450126e+00
   2.6801292852836869e+00
   2.5307356512504149e+00
   2.4955154817456573e+00
   2.9587843608508675e+00
   2.8877426550394545e+00
   2.6674258769392329e+00
   2.2606661205933150e+00
   2.3917934319970100e+00
   2.3933091203746892e+00
   2.1877681796876050e+00
   2.3135053537060872e+00
   2.4603376320021080e+00
   2.5488665876994814e+00
   2.2306162200076067e+00
   2.6326972475903307e+00
   3.1167284258767580e+00
   2.4736162845174734e+00
   2.5711179477894759e+00
   2.6597127137001180e+00
   2.0545822310310107e+00
   2.2827591849569226e+00
   2.3348603600476752e+00
   2.4971733870449375e+00
   2.3427827019941176e+00
   2.4158348498787752e+00
   2.5452990730384966e+00
   2.7004699751783927e+00
   2.7573519235739896e+00
   2.5699523888870472e+00
   2.6857571319141003e+00
   2.1751387721150768e+00
   2.5960976888596687e+00
   2.5953016530645234e+00
   2.1633199258250104e+00
   2.3131208717529961e+00
   2.8332357149709599e+00
   2.2476764551743473e+00
   2.4392282396580014e+00
   2.7888707927627889e+00
   2.0251026808417607e+00
   2.2500805315916028e+00
   2.8038642533357536e+00
   2.1484577435589061e+00
   2.5487599648862020e+00
   3.2033364576542120e+00
   2.7372086630923884e+00
   2.6364370508117267e+00
   2.6722409638222824e+00
   1.8186943036044243e+00
   2.3761181583133255e+00
   2.8616302135910971e+00
   2.4090480260493528e+00
   2.7219075462249549e+00
   2.6543576356775413e+00
   2.1193952159344018e+00
   2.5442758068995071e+00
   2.5256403339870115e+00
   2.4479609429685580e+00
   2.2486346545395035e+00
   2.7411334278346557e+00
   2.4423578710407874e+00
   2.1981698612451801e+00
   2.2522292642455661e+00
   2.6302177570274328e+00
   2.2702304786260297e+00
   2.1572694753189015e+00
   2.5477532700399568e+00
   3.0224282068990069e+00
   2.7831604147834432e+00
   2.8155950551928668e+00
   2.3138052317942952e+00
   2.1924982500229726e+00
   2.2621850922708675e+00
   2.3805693254115301e+00
   2.3135324149427730e+00
   2.0337654509227963e+00
   2.5755246135108782e+00
   2.3795968623532215e+00
   2.0754832612563514e+00
   2.4540133875331893e+00
   2.4672388629899085e+00
   1.9431626499298824e+00
   2.4608786864906809e+00
   2.6314093270447532e+00
   2.3062547519123973e+00
   2.8577409399068592e+00
   2.5959950794668671e+00
   2.7774467362371151e+00
   2.6806653784843442e+00
   2.4384109039479753e+00
   2.7267566502147940e+00
   2.8608552993308218e+00
   2.2319494103669570e+00
   2.4420095615184927e+00
   2.6142006862779272e+00
   2.0696053853172534e+00
   2.3214219467172890e+00
   2.6803346722179890e+00
   2.7497959880544145e+00
   3.2497554293531010e+00
   2.6447835100995762e+00
   2.6801071845061935e+00
   2.2746552544768148e+00
   2.5408271328501311e+00
   2.5256253646699891e+00
   2.4170644909306662e+00
   2.6893706972620932e+00
   2.3928923863841316e+00
   2.2957051974764995e+00
   2.2962802540731095e+00
   2.4672974243221737e+00
   2.0540875546243575e+00
   2.4005643193860897e+00
   2.8088330415482838e+00
   2.6965467971721919e+00
   2.6617645094041156e+00
