   5.5942420769591772e-01
   4.9377023831223477e-01
   3.5348516671435065e-01
   4.4898570179310682e-01
   6.2298487600398489e-01
   7.5348247747850516e-01
   1.5458419293830243e+00
   3.1487778915500897e+00
   1.6962416521202948e+00
   2.2056134422692226e+00
   1.8552527409601065e+00
   2.1818951837298322e+00
   2.4728152268386676e+00
   2.9593506548118027e+00
   3.3815641072222347e+00
   2.0298554873527888e+00
   2.1381502243228554e+00
   2.7162007749999595e+00
   3.2361833580174051e+00
   2.6909832005752219e+00
   2.1815078279676370e+00
   2.3226525619635203e+00
   2.9653504175776639e+00
   3.0058018305136036e+00
   2.4078127762546009e+00
   2.1237762956456381e+00
   2.6975600363410006e+00
   3.0663222822160376e+00
   2.4367371600494176e+00
   2.6562265232787667e+00
   2.9093787427101487e+00
   2.7137247727970655e+00
   2.3767371667321289e+00
   2.1383440698179355e+00
   2.8084748792497631e+00
   2.7547816567498122e+00
   2.1971015205658615e+00
   2.0152005077235509e+00
   2.5474562670919534e+00
   2.8636660186172964e+00
   2.2780637096311036e+00
   2.1373967134358431e+00
   2.5881716635359502e+00
   2.8804002963602353e+00
   2.3028364685613063e+00
   2.0326314859431407e+00
   2.2471113072598143e+00
   2.7428329100814137e+00
   2.5482494888584761e+00
   2.3817101808336800e+00
   2.3991599856025085e+00
   2.7852331712569303e+00
   2.4923057100793677e+00
   2.3246094664626216e+00
   2.4528348386445957e+00
   2.6339970342381038e+00
   2.4725277283680915e+00
   2.3147437546877190e+00
   2.4710237637371537e+00
   2.5715923341882605e+00
   2.3743323383409214e+00
   2.3878024357760856e+00
   2.4134515786699242e+00
   2.4697630117020899e+00
   2.8032690226480721e+00
   2.1474251659214998e+00
   2.3095507350691009e+00
   2.7585491196387846e+00
   2.3996889108627983e+00
   2.2059574238352408e+00
   2.6981188227861397e+00
   3.3681828302895442e+00
   2.5524275247273813e+00
   2.8299465454145891e+00
   2.4522394947206219e+00
   1.9847296731078525e+00
   2.5604264434851087e+00
   2.5512549578150820e+00
   2.3996940343750728e+00
   2.2438755388850562e+00
   2.7401824847633804e+00
   2.2924579475917857e+00
   2.0603223266953803e+00
   2.4473053741521844e+00
   2.5205307830773593e+00
   2.3324569458990481e+00
   2.4221367904556970e+00
   2.9267445123832090e+00
   2.7766885800141328e+00
   2.4389461825908927e+00
   2.9787817107348884e+00
   2.5426552433407177e+00
   2.8956252539418226e+00
   2.6556996813341480e+00
   2.3860723996085680e+00
   2.2875962391645102e+00
   2.3674056492228588e+00
   2.4384044793596544e+00
   2.3366775176735608e+00
   2.3960758334454861e+00
   2.1666437679206809e+00
   2.6593952601917823e+00
   2.5508257993550600e+00
   2.9175584168961457e+00
   2.8630763542176365e+00
   2.2459492523547335e+00
   2.4943080379123770e+00
   2.4232028426926076e+00
   2.2915088607467409e+00
   2.3325211303877729e+00
   2.3770592707025835e+00
   2.4596219547780680e+00
   2.6529430113792642e+00
   2.6351650091588645e+00
   2.8568626835705202e+00
   2.4782758346831266e+00
   2.2200420365512858e+00
   2.6902232886843107e+00
   2.3850148050207225e+00
   2.2392364714599369e+00
   2.4792368733712609e+00
   2.4171778793488112e+00
   2.3751412974450017e+00
   2.3530229276140924e+00
   2.2516732452869204e+00
   2.6126911068152809e+00
   2.1207852510790226e+00
   2.7029364556964959e+00
   3.1053010834050618e+00
   2.8117309043076641e+00
   2.7300014104101553e+00
   2.3208894526447597e+00
   2.2210110811258694e+00
   2.2497043606158487e+00
   2.4336280842106262e+00
   2.3201392145601374e+00
   2.1833616948028527e+00
   2.5080321993444885e+00
   2.5806516098835912e+00
   1.9553450820735703e+00
   2.4103909347132921e+00
   2.4885524788834474e+00
   2.2196139160031163e+00
   2.0377466950249321e+00
   2.5386901832437565e+00
   2.4673181607949921e+00
   2.2014568126916694e+00
   2.2446778772178595e+00
   2.4583715558173682e+00
   2.2491827277153362e+00
   2.2309964979062946e+00
   2.2248056544567887e+00
   2.8391180695403961e+00
   2.7289300227393132e+00
   3.0467236170368066e+00
   2.9278344681420054e+00
   2.4468219566174882e+00
   2.7445424193676327e+00
   2.3752077989763376e+00
   2.2543592776032715e+00
   2.2853688070040827e+00
   2.6967205866772930e+00
   2.4966318020684461e+00
   2.2419597656683483e+00
   2.7185334026447134e+00
   2.5468475048625767e+00
   2.2181321634887348e+00
   2.6245299180165276e+00
   2.2872067365386854e+00
   2.1941000328762525e+00
   2.1281176021263080e+00
   2.6737390580019906e+00
   2.4077757372001241e+00
   2.5250150977631174e+00
   3.0270506561432633e+00
   2.4329835786171436e+00
   2.4672426453951246e+00
   3.0568489413830808e+00
   2.7108459146174337e+00
   2.9610535672998868e+00
   2.6444306089326672e+00
   2.5459796612334955e+00
   3.0673926759949195e+00
   2.7132640038999667e+00
   2.6693477766058935e+00
   2.6337829251422411e+00
   2.0846261081528867e+00
   2.1962833638388881e+00
   2.5709905347353450e+00
   2.6958401211448462e+00
   2.7381074082734078e+00
   2.6268970973601657e+00
   2.3017836999147119e+00
   2.2732255960687158e+00
   2.7853611623047771e+00
   2.6542022117496957e+00
   2.7073499915015184e+00
   2.4500304669553876e+00
   2.1632371066575935e+00
   2.6251301616726366e+00
