   4.1348146001492725e-01
   3.4304004481613642e-01
   4.3382514515423037e-01
   4.5725661257220584e-01
   9.4310799097647779e-01
   1.3634248335101116e+00
   1.2073929387317412e+00
   2.7297172578987019e+00
   1.6725139431768532e+00
   2.5712760631044613e+00
   2.1423694304067666e+00
   2.0327574720099304e+00
   2.8180542580501400e+00
   3.2763687462170656e+00
   2.5268339696161961e+00
   2.1134957469688356e+00
   2.2050642746279352e+00
   2.5781241287507046e+00
   2.9252108982847465e+00
   3.2476360953585464e+00
   2.1706128105001117e+00
   1.9795844877430520e+00
   2.8974666331055876e+00
   3.1644870995124816e+00
   2.5805457871775075e+00
   2.1740520936566043e+00
   2.3895157995401055e+00
   3.1586245926073682e+00
   2.7332926308280090e+00
   2.2676768572070514e+00
   2.3334105676009429e+00
   2.7603898395355944e+00
   2.9378745230110983e+00
   2.5200358070509021e+00
   2.4740933413544473e+00
   2.2162076810589437e+00
   2.4991502474782235e+00
   2.9769959907725707e+00
   2.5969530405345571e+00
   1.9064305075255106e+00
   2.2358961911316415e+00
   2.2741662958139415e+00
   2.7946726517211613e+00
   2.7118184881392136e+00
   2.2153539763297796e+00
   2.2901589160587013e+00
   2.7596456529415345e+00
   2.5976437480156775e+00
   2.2389550934748801e+00
   2.2038610965959093e+00
   2.4340057123491734e+00
   2.9120662873840386e+00
   2.3661718454846747e+00
   2.1710362229723219e+00
   2.8040573698164772e+00
   2.4311113039399181e+00
   2.0274293668532883e+00
   2.0315982281955391e+00
   2.7952654697841588e+00
   2.5030246408951946e+00
   2.2303841152339627e+00
   2.2668922470479380e+00
   2.5834727203139334e+00
   2.6787168870407565e+00
   2.1865059677586896e+00
   2.2890788863214349e+00
   2.8902103992485064e+00
   2.4323322037564576e+00
   2.2827344280601451e+00
   2.9652937556922279e+00
   3.0215626307400196e+00
   2.7870137196016134e+00
   2.7442087142652856e+00
   2.3741626636849684e+00
   2.1983398336238027e+00
   2.3483228608799163e+00
   2.5824487596297105e+00
   2.4251744199487080e+00
   2.1398901781977315e+00
   2.5433871106503760e+00
   2.5644846749749641e+00
   2.2659647196286712e+00
   2.2274080905637783e+00
   2.4425612558371195e+00
   2.7052782891004887e+00
   2.2634918965425932e+00
   2.2567626341798985e+00
   2.9907746376710405e+00
   2.7624632790666781e+00
   2.7766445258197092e+00
   2.7385007573159896e+00
   2.3518981682498992e+00
   2.0570326112659569e+00
   2.4380676253770761e+00
   2.5066967583481827e+00
   2.2361710228677771e+00
   2.4084906247476980e+00
   2.3241214448042431e+00
   2.7599187506873171e+00
   2.4832338984615410e+00
   3.0663821175779948e+00
   2.6367266755228305e+00
   2.2332064637443807e+00
   2.2457690826883372e+00
   2.5373023838675333e+00
   2.3980842719723454e+00
   2.0659498406417605e+00
   2.3702387497807624e+00
   2.5394257993914038e+00
   2.1205164174742381e+00
   2.4492642394613791e+00
   2.4714314940913291e+00
   2.4749618254766803e+00
   2.5904170525373540e+00
   2.8295379743587676e+00
   2.4691675584843282e+00
   2.6916758761963715e+00
   2.5811961433028019e+00
   2.0715588455864435e+00
   2.6971489218122850e+00
   2.3705150162965611e+00
   2.2092220213817613e+00
   2.6516342405663238e+00
   2.9532740380241820e+00
   2.9392054733270059e+00
   2.7726717850747660e+00
   2.4696574672165692e+00
   2.0948493354461037e+00
   2.4825781520926649e+00
   2.5048102424469025e+00
   2.0551006791246165e+00
   2.4436384759174876e+00
   2.5870534115218908e+00
   2.2112475874469486e+00
   2.2004956616671740e+00
   2.8377658688129186e+00
   2.5406024210988920e+00
   2.6708312127618621e+00
   2.5461471135577374e+00
   2.3073419108545266e+00
   2.2826617212373268e+00
   2.4401080687716501e+00
   2.1914879611349463e+00
   2.1826290266407922e+00
   2.6165939743333433e+00
   2.4634635377196346e+00
   2.2000209562459800e+00
   2.6386728695837629e+00
   2.6378472723914781e+00
   2.4796388161844565e+00
   3.1157227534285878e+00
   2.9046319978594042e+00
   2.4873957582481259e+00
   2.5482585015288315e+00
   2.4121826579850048e+00
   2.4429091877758409e+00
   2.7298051847651101e+00
   2.0544082521179359e+00
   2.3168966886646611e+00
   2.6732347588130501e+00
   2.2185853475782493e+00
   2.1673608666483659e+00
   2.8631098745227312e+00
   2.1840134215291482e+00
   2.5776528196619730e+00
   2.6323147009146335e+00
   2.4554342873811037e+00
   2.3641709272253579e+00
   2.5051636338049046e+00
   2.3120652879052246e+00
   2.2962749106619826e+00
   2.7203488967769740e+00
   2.4722974168760232e+00
   2.9938170786514600e+00
   2.7315199588832670e+00
   2.4990393166052622e+00
   2.5634664405001608e+00
   2.7311527657349490e+00
   3.0244455428705166e+00
   2.8783495779817598e+00
   2.1881192401854834e+00
   2.4491165032825744e+00
   2.6643779501996723e+00
   2.5134742986728114e+00
   2.7616222115329392e+00
   2.6510285720409632e+00
   2.3921372354883754e+00
   2.4073772527755644e+00
   2.6726599440140095e+00
   2.1456389389408610e+00
   2.3498223651232242e+00
   2.3318840494164252e+00
   2.0711416541071026e+00
   2.2609639128774290e+00
   2.3744722428577876e+00
   2.5002386260708622e+00
   2.6013690722561043e+00
   2.9659937188692158e+00
   2.5339249460801430e+00
   2.1333798705110878e+00
