# gs energy: -4.6035262999892010427
# weight: 0.50000000000001187939
# alphas betas
-4.4077885733767079302 1.085696014513585439
-2.978050205829213759 1.5393641623577762889
-2.1904326200456587515 2.5572061288481147123
-0.83016355572315070344 2.2855387674767446704
-0.4470868592183396828 2.5740847837096771933
0.55533394713842376689 2.7462677713945393698
1.4386702972160607672 3.4039297055367492284
1.5752632241098245558 3.7350258106790921175
2.2687900148624704499 3.5683647761389556408
3.0978580746118726807 3.657681712944240715
3.2090513432139484706 3.9999336303488046696
3.783755194459657023 4.2067407073249549754
3.4697968515911279397 4.8100775452562700707
4.6238613575769162978 4.6412826815664676161
5.2121766271212370825 5.105226650605651173
4.9126864106616867645 5.0506606833748390883
5.5177471838953291439 5.0167667914793918627
5.2313691066879997038 5.1863834182385781801
5.5483874761701788003 5.4637590016091008849
5.0513746935322547671 5.0435060139397922541
6.3935784144577247901 4.9947815077888533253
6.4682893994110095548 5.2833203113749789281
6.8657345073619415743 5.1092878311621898746
6.2824768089791085401 4.8368091547742029235
7.2803272520667636769 5.2151359990052226223
6.955419841327255881 5.2842826554086110846
6.7170765735859649936 5.1725869603222545123
6.301050166912318673 6.019661021840372328
7.2304124037927106627 5.7864011901759404566
7.7605567671862996093 5.1582134807738340143
6.6350611784551842831 5.2080886055283572844
6.011676323344606665 5.6203825047706850171
6.2019610830534537271 5.4371473781460828434
7.10769539253650251 5.3973220852791063962
5.6729326437583544873 5.4810090281200762874
6.0319216307553009671 4.9728139921922496214
6.2446223670160527774 5.4973733178615340478
6.2655508367644650036 5.3172012806652473316
6.148355004242452182 5.3852515297229883728
6.0529036562558307111 5.047727662016337824
6.7626101001265848112 5.2221853630081893627
5.9487198903527529481 5.7894654402245961933
5.2547445206519745042 5.4223574457554937212
6.299181022270151864 5.0242828495483315976
6.3300624484265801684 5.1104197091983483148
6.1140621864577440192 4.9484490750612790677
6.7156756111906128481 4.820113687777721978
5.8293154724392444166 5.3405474044545249157
6.3838937295846420739 4.7359194524808891913
7.7337906211106384191 5.4452177444913951732
7.4694175012850836382 5.2587750371677479677
7.1192644263710036512 4.8745659664213230045
5.5990282806933882043 5.0886929488196210869
5.7462545247609186916 5.1637611923856994167
5.9050673124506314338 5.0834415550939526796
6.4701489403766867525 4.8490837079993083236
6.4062107913227723799 4.865932203590862315
6.7001080318927090929 4.438009930803106684
7.2481110038976765964 4.5755431897047769141
7.6738366535403823576 4.6764443144274974173
7.1353557799586919685 4.5289077161445217001
6.6743027235714667 4.6749958311843249348
7.0251438076999246363 5.0724894944623644122
6.0249029187969540544 5.2942171271660622978
5.7177253838303006006 5.1093918407443084106
7.0537095242202205725 5.1688596732133342826
7.0571309361913963087 4.8276038698752898881
7.4515671604531759087 4.5857465355892754744
6.7893243502368312292 4.879128592559206723
5.7782894267670235067 5.1709758173392730285
5.7166615080937353 5.8382686490700947957
5.341677197427911139 6.6606829772518683086
4.9912208643590059154 5.9843315508527199498
6.1039043488381681257 5.1174941247234535524
6.1864128833151550424 5.3464897852211477058
6.3329371426990777039 5.2776087588223621339
6.9018269173231239222 4.8853556910476276798
6.1515035000482658489 4.9106456725336080638
6.306087029052862114 4.8493877699161389572
5.500119551129005302 4.5852159902942526415
6.3660816792873333725 4.1246389998488544038
6.5490727061386628804 4.1882092783424011984
5.8403558980034286918 4.2912981961055800539
6.5844229853435898292 4.5942519313092091693
6.4839853624645336083 4.9638456662324719204
6.101367979837834632 4.788570553767480753
5.9419061792260468025 4.7247140255347268578
5.9465397432390325605 4.5756960527697341234
5.8947026954586920766 4.6436399780356039102
5.6502904920605363515 4.9644688633245035447
5.814350645241712634 5.0534159244514595954
6.7580915984253753237 4.9885513512210843956
7.1857793578506470311 6.0549125200029356719
5.1663711322686260985 5.8495015985341369813
5.0182354367325254785 5.2475966441679489094
5.7788998797413366759 5.2530468230915206007
5.1972494469967802644 5.0910612300971322952
5.6044156439896593014 4.5970094161781016595
6.4560246956929372431 4.398032881518710191
6.733789563380943477 4.746736565262460239
6.5627059315445874788 4.5458285367671642518
6.4205234482826671893 4.7435847641242308015
6.5573782961792641544 4.6266708534418627963
7.0880856362188451314 4.7307745580764528626
6.8610887829925744086 5.3394214890943132445
5.6087673618739497527 5.9632217615224591967
5.2006415211844965185 5.1693385554907891333
5.035692581563823822 5.313755271020075277
5.1865677825565317249 5.8867558732444260627
7.75307587378277141 5.9135559115072862113
7.2691267452348675704 5.6315810598116868846
7.1672596056946016319 5.2939140439175016439
7.0255071968561537687 5.0085733694817076156
6.2143950892063566371 4.7480833054420141792
6.0872143377419947186 4.4482558831993053161
4.6590166932614689443 4.5332273965989635656
5.1661428723426938703 5.7357391162171813548
4.1894964955398794615 5.345012346351609267
5.4693607914701516393 5.1186650892709355531
7.0631270844440088297 5.2156439807676804321
5.960049409058301606 4.9625023039184767981
6.6367600008060403383 4.5778910309966160952
6.4660322453232268458 4.6096890165976942555
6.2187535094664188051 5.1194606051905831023
4.7941527745954148898 5.9662254607111595561
4.9056424339905246867 5.3651045307301306053
6.1192285136974131632 4.5467084280855987188
6.8216880415706722118 4.6439450108733506539
6.3105462317800995464 5.1729886826995024052
6.3154047444117251686 5.0185151841631938652
6.4841960285847504153 5.0709113659559470477
6.5825007212447923521 4.4615315268683204408
5.7429566075281890392 4.8119795532416977935
5.445497195554562353 4.6211080385907488122
6.7890784756729321003 4.8232867757649238172
5.2262081706048340024 4.7890358049521646322
6.3244474120682117046 4.4620895730247793765
6.0764319166842124531 4.9279343806339932499
3.2246909548637252563 5.6901098831706029557
3.3317800831217807556 5.2536887781674153075
5.1702867895574264878 5.3327544168426896931
5.8373604246902921489 5.2661478207619039082
6.7781237036212154123 4.9204935944478620513
5.5491822865973592371 5.6552848804714699327
4.6144247347232862921 5.3185382076829199605
5.6967520689598387662 4.3399194964526381924
6.6078345566327003624 4.0171516633994670542
6.8259148118546946193 4.4795229815679746821
6.096913276948022542 4.7774996982818160873
5.9084336641139501012 4.9315418057664928142
5.8526693432021925645 5.3443106980738823708
4.8318551345647824391 5.4678834938890146233
4.541086164618253207 5.1523603604387036015
6.2105668085169831727 4.6450796662047402208
7.9681881632719147035 4.6968415902224531777
7.402262082957375533 5.2611784337187339489
7.8438665876038999869 5.2058146759450636409
7.5638225499536906327 4.6527834863805441756
5.9087423659974902534 5.0498324673501953086
4.9376319433545461379 4.8588643743889941007
6.4173434120408421322 5.4534869082366697057
5.6581835387488199629 5.5813095549648954474
5.3458267570779813838 5.0841243816525309995
6.5909245578830883971 4.8050105097499899998
6.1715869691528411067 4.9841876933226023638
6.5003652518670058669 5.8585003276959453089
6.671618645633662581 5.955868626086084916
5.997301574083344633 5.5194105268217139582
4.9336071823250060575 4.7369427490447053586
6.8664216876369383868 4.1362008965393028959
5.9253642684077814096 4.6538216143641122358
5.5575640337590996864 5.0318821348210400757
5.5638626144708354104 5.841772638086416336
6.2583994976085852713 5.3324217653110652648
5.6539494813269044471 4.7722604614634764886
5.7856763281168825941 4.2491956511503854443
7.1605122732137918007 5.2608134227682210593
9.2857948098268838777 5.5598285529056008514
7.9686891774081978213 5.3252395289452243432
6.0973489026835849813 5.6126408518745556364
4.8364532363050596331 5.4260200288246398515
5.4364252425522083811 4.8276712099258691779
6.6589763094449390124 4.8716825986312377594
7.9138847811934196486 5.2429603553835306684
7.7015834576506403408 4.7626664812823564787
7.3063288703289854809 4.8220607009983531555
7.0759278987705354069 5.9861509500383647264
5.1110786287002492045 5.5772705451585693481
6.0555039342647507539 4.9625391596580836762
6.1212304816483769088 4.4731872883996208756
6.6140651166943786876 4.1055297587676484738
5.8652815161184630455 4.6852641770724661185
5.393300209962729852 4.8674390170841075332
4.6400942274388938813 5.2668296542660879567
5.6881089083040308196 5.2057742253130383503
6.5350551449732776632 5.0942823750600592092
6.5002277982582130633 4.483537925682173686
6.8461384086294501117 4.0252306080730635429
5.5575184965784938385 5.2367640264148960227
5.2402367027962046819 6.5342162320623788929
5.4319310931199407122 6.1082737429190814282
