-0.500000 -0.500000 -0.500000 -0.500000 -0.500000 -0.500000 -0.500000 -0.500000 0.500000 -0.500000 -0.500000 -0.500000 -0.500000 -0.500000 -0.500000 -0.500000 -0.500000 
-0.500000 -0.500000 -0.500000 -0.500000 -0.500000 -0.500000 -0.499975 -0.497542 0.495034 -0.497542 -0.499975 -0.500000 -0.500000 -0.500000 -0.500000 -0.500000 -0.500000 
-0.500000 -0.500000 -0.500000 -0.500000 -0.500000 -0.500000 -0.499614 -0.490656 0.480539 -0.490656 -0.499614 -0.500000 -0.500000 -0.500000 -0.500000 -0.500000 -0.500000 
-0.500000 -0.500000 -0.500000 -0.500000 -0.500000 -0.499995 -0.498136 -0.480700 0.457663 -0.480700 -0.498136 -0.499995 -0.500000 -0.500000 -0.500000 -0.500000 -0.500000 
-0.500000 -0.500000 -0.500000 -0.500000 -0.500000 -0.499974 -0.494479 -0.469613 0.428133 -0.469613 -0.494479 -0.499974 -0.500000 -0.500000 -0.500000 -0.500000 -0.500000 
-0.500000 -0.500000 -0.500000 -0.500000 -0.500000 -0.499907 -0.487608 -0.459489 0.394007 -0.459489 -0.487608 -0.499907 -0.500000 -0.500000 -0.500000 -0.500000 -0.500000 
-0.500000 -0.500000 -0.500000 -0.500000 -0.499999 -0.499740 -0.476836 -0.452119 0.357387 -0.452119 -0.476836 -0.499740 -0.499999 -0.500000 -0.500000 -0.500000 -0.500000 
-0.500000 -0.500000 -0.500000 -0.500000 -0.499996 -0.499395 -0.462088 -0.448593 0.320143 -0.448593 -0.462088 -0.499395 -0.499996 -0.500000 -0.500000 -0.500000 -0.500000 
-0.500000 -0.500000 -0.500000 -0.499999 -0.499988 -0.498770 -0.444046 -0.449036 0.283678 -0.449036 -0.444046 -0.498770 -0.499988 -0.499999 -0.500000 -0.500000 -0.500000 
-0.500000 -0.500000 -0.500000 -0.499996 -0.499974 -0.497752 -0.424122 -0.452554 0.248794 -0.452554 -0.424122 -0.497752 -0.499974 -0.499996 -0.500000 -0.500000 -0.500000 
-0.500000 -0.500000 -0.500000 -0.499990 -0.499947 -0.496233 -0.404269 -0.457387 0.215651 -0.457387 -0.404269 -0.496233 -0.499947 -0.499990 -0.500000 -0.500000 -0.500000 
-0.500000 -0.500000 -0.500000 -0.499976 -0.499902 -0.494123 -0.386654 -0.461264 0.183836 -0.461264 -0.386654 -0.494123 -0.499902 -0.499976 -0.500000 -0.500000 -0.500000 
-0.500000 -0.500000 -0.499999 -0.499949 -0.499833 -0.491374 -0.373244 -0.461862 0.152524 -0.461862 -0.373244 -0.491374 -0.499833 -0.499949 -0.499999 -0.500000 -0.500000 
-0.500000 -0.500000 -0.499999 -0.499902 -0.499737 -0.487982 -0.365415 -0.457311 0.120690 -0.457311 -0.365415 -0.487982 -0.499737 -0.499902 -0.499999 -0.500000 -0.500000 
-0.500000 -0.500000 -0.499997 -0.499822 -0.499611 -0.483993 -0.363633 -0.446617 0.087346 -0.446617 -0.363633 -0.483993 -0.499611 -0.499822 -0.499997 -0.500000 -0.500000 
-0.500000 -0.500000 -0.499994 -0.499696 -0.499456 -0.479493 -0.367308 -0.429925 0.051743 -0.429925 -0.367308 -0.479493 -0.499456 -0.499696 -0.499994 -0.500000 -0.500000 
-0.500000 -0.500000 -0.499988 -0.499512 -0.499276 -0.474584 -0.374838 -0.408571 0.013537 -0.408571 -0.374838 -0.474584 -0.499276 -0.499512 -0.499988 -0.500000 -0.500000 
-0.500000 -0.500000 -0.499979 -0.499254 -0.499078 -0.469361 -0.383856 -0.384900 -0.027148 -0.384900 -0.383856 -0.469361 -0.499078 -0.499254 -0.499979 -0.500000 -0.500000 
-0.500000 -0.499999 -0.499963 -0.498912 -0.498867 -0.463884 -0.391640 -0.361876 -0.069718 -0.361876 -0.391640 -0.463884 -0.498867 -0.498912 -0.499963 -0.499999 -0.500000 
-0.500000 -0.499999 -0.499940 -0.498482 -0.498645 -0.458152 -0.395607 -0.342574 -0.113204 -0.342574 -0.395607 -0.458152 -0.498645 -0.498482 -0.499940 -0.499999 -0.500000 
-0.499999 -0.499998 -0.499905 -0.497962 -0.498408 -0.452097 -0.393807 -0.329626 -0.156394 -0.329626 -0.393807 -0.452097 -0.498408 -0.497962 -0.499905 -0.499998 -0.499999 
-0.499999 -0.499997 -0.499856 -0.497363 -0.498139 -0.445577 -0.385319 -0.324747 -0.198008 -0.324747 -0.385319 -0.445577 -0.498139 -0.497363 -0.499856 -0.499997 -0.499999 
-0.499998 -0.499996 -0.499788 -0.496697 -0.497809 -0.438403 -0.370468 -0.328416 -0.236853 -0.328416 -0.370468 -0.438403 -0.497809 -0.496697 -0.499788 -0.499996 -0.499998 
-0.499996 -0.499994 -0.499697 -0.495980 -0.497376 -0.430371 -0.350824 -0.339785 -0.271954 -0.339785 -0.350824 -0.430371 -0.497376 -0.495980 -0.499697 -0.499994 -0.499996 
-0.499994 -0.499991 -0.499580 -0.495227 -0.496790 -0.421300 -0.328970 -0.356833 -0.302631 -0.356833 -0.328970 -0.421300 -0.496790 -0.495227 -0.499580 -0.499991 -0.499994 
-0.499991 -0.499988 -0.499431 -0.494442 -0.495999 -0.411087 -0.308082 -0.376720 -0.328522 -0.376720 -0.308082 -0.411087 -0.495999 -0.494442 -0.499431 -0.499988 -0.499991 
-0.499986 -0.499983 -0.499246 -0.493615 -0.494959 -0.399736 -0.291394 -0.396305 -0.349553 -0.396305 -0.291394 -0.399736 -0.494959 -0.493615 -0.499246 -0.499983 -0.499986 
-0.499978 -0.499978 -0.499018 -0.492717 -0.493642 -0.387390 -0.281648 -0.412695 -0.365867 -0.412695 -0.281648 -0.387390 -0.493642 -0.492717 -0.499018 -0.499978 -0.499978 
-0.499968 -0.499972 -0.498742 -0.491694 -0.492046 -0.374332 -0.280622 -0.423752 -0.377744 -0.423752 -0.280622 -0.374332 -0.492046 -0.491694 -0.498742 -0.499972 -0.499968 
-0.499955 -0.499965 -0.498409 -0.490476 -0.490201 -0.360964 -0.288824 -0.428445 -0.385520 -0.428445 -0.288824 -0.360964 -0.490201 -0.490476 -0.498409 -0.499965 -0.499955 
-0.499938 -0.499957 -0.498007 -0.488979 -0.488169 -0.347770 -0.305420 -0.426991 -0.389536 -0.426991 -0.305420 -0.347770 -0.488169 -0.488979 -0.498007 -0.499957 -0.499938 
-0.499916 -0.499946 -0.497524 -0.487119 -0.486038 -0.335255 -0.328382 -0.420766 -0.390108 -0.420766 -0.328382 -0.335255 -0.486038 -0.487119 -0.497524 -0.499946 -0.499916 
-0.499889 -0.499934 -0.496943 -0.484824 -0.483906 -0.323883 -0.354851 -0.411999 -0.387540 -0.411999 -0.354851 -0.323883 -0.483906 -0.484824 -0.496943 -0.499934 -0.499889 
-0.499855 -0.499919 -0.496244 -0.482056 -0.481873 -0.314016 -0.381630 -0.403328 -0.382160 -0.403328 -0.381630 -0.314016 -0.481873 -0.482056 -0.496244 -0.499919 -0.499855 
-0.499814 -0.499899 -0.495404 -0.478817 -0.480013 -0.305867 -0.405727 -0.397280 -0.374359 -0.397280 -0.405727 -0.305867 -0.480013 -0.478817 -0.495404 -0.499899 -0.499814 
-0.499765 -0.499873 -0.494400 -0.475164 -0.478359 -0.299480 -0.424834 -0.395810 -0.364629 -0.395810 -0.424834 -0.299480 -0.478359 -0.475164 -0.494400 -0.499873 -0.499765 
-0.499705 -0.499839 -0.493210 -0.471209 -0.476896 -0.294727 -0.437673 -0.399955 -0.353575 -0.399955 -0.437673 -0.294727 -0.476896 -0.471209 -0.493210 -0.499839 -0.499705 
-0.499632 -0.499795 -0.491811 -0.467106 -0.475550 -0.291342 -0.444138 -0.409678 -0.341897 -0.409678 -0.444138 -0.291342 -0.475550 -0.467106 -0.491811 -0.499795 -0.499632 
-0.499543 -0.499739 -0.490186 -0.463041 -0.474200 -0.288975 -0.445218 -0.423930 -0.330336 -0.423930 -0.445218 -0.288975 -0.474200 -0.463041 -0.490186 -0.499739 -0.499543 
-0.499435 -0.499670 -0.488323 -0.459201 -0.472695 -0.287255 -0.442732 -0.440893 -0.319594 -0.440893 -0.442732 -0.287255 -0.472695 -0.459201 -0.488323 -0.499670 -0.499435 
-0.499302 -0.499586 -0.486216 -0.455746 -0.470880 -0.285856 -0.438923 -0.458369 -0.310243 -0.458369 -0.438923 -0.285856 -0.470880 -0.455746 -0.486216 -0.499586 -0.499302 
-0.499138 -0.499488 -0.483865 -0.452786 -0.468629 -0.284562 -0.435995 -0.474214 -0.302647 -0.474214 -0.435995 -0.284562 -0.468629 -0.452786 -0.483865 -0.499488 -0.499138 
-0.498938 -0.499375 -0.481275 -0.450350 -0.465873 -0.283299 -0.435698 -0.486741 -0.296901 -0.486741 -0.435698 -0.283299 -0.465873 -0.450350 -0.481275 -0.499375 -0.498938 
-0.498694 -0.499248 -0.478456 -0.448385 -0.462627 -0.282152 -0.439017 -0.495008 -0.292826 -0.495008 -0.439017 -0.282152 -0.462627 -0.448385 -0.478456 -0.499248 -0.498694 
-0.498401 -0.499110 -0.475417 -0.446750 -0.458999 -0.281348 -0.446037 -0.498936 -0.290006 -0.498936 -0.446037 -0.281348 -0.458999 -0.446750 -0.475417 -0.499110 -0.498401 
-0.498052 -0.498961 -0.472164 -0.445244 -0.455185 -0.281214 -0.455996 -0.499248 -0.287873 -0.499248 -0.455996 -0.281214 -0.455185 -0.445244 -0.472164 -0.498961 -0.498052 
-0.497642 -0.498802 -0.468700 -0.443632 -0.451452 -0.282122 -0.467502 -0.497234 -0.285826 -0.497234 -0.467502 -0.282122 -0.451452 -0.443632 -0.468700 -0.498802 -0.497642 
-0.497170 -0.498631 -0.465020 -0.441693 -0.448099 -0.284423 -0.478863 -0.494420 -0.283366 -0.494420 -0.478863 -0.284423 -0.448099 -0.441693 -0.465020 -0.498631 -0.497170 
-0.496632 -0.498446 -0.461108 -0.439257 -0.445412 -0.288381 -0.488467 -0.492190 -0.280211 -0.492190 -0.488467 -0.288381 -0.445412 -0.439257 -0.461108 -0.498446 -0.496632 
-0.496029 -0.498244 -0.456945 -0.436253 -0.443623 -0.294130 -0.495115 -0.491471 -0.276380 -0.491471 -0.495115 -0.294130 -0.443623 -0.436253 -0.456945 -0.498244 -0.496029 
-0.495363 -0.498015 -0.452506 -0.432728 -0.442865 -0.301643 -0.498252 -0.492515 -0.272225 -0.492515 -0.498252 -0.301643 -0.442865 -0.432728 -0.452506 -0.498015 -0.495363 
-0.494634 -0.497753 -0.447767 -0.428859 -0.443147 -0.310731 -0.498049 -0.494861 -0.268396 -0.494861 -0.498049 -0.310731 -0.443147 -0.428859 -0.447767 -0.497753 -0.494634 
-0.493844 -0.497449 -0.442709 -0.424936 -0.444353 -0.321063 -0.495322 -0.497450 -0.265747 -0.497450 -0.495322 -0.321063 -0.444353 -0.424936 -0.442709 -0.497449 -0.493844 
-0.492990 -0.497093 -0.437328 -0.421328 -0.446252 -0.332211 -0.491314 -0.498886 -0.265198 -0.498886 -0.491314 -0.332211 -0.446252 -0.421328 -0.437328 -0.497093 -0.492990 
-0.492068 -0.496680 -0.431634 -0.418431 -0.448539 -0.343696 -0.487385 -0.497779 -0.267579 -0.497779 -0.487385 -0.343696 -0.448539 -0.418431 -0.431634 -0.496680 -0.492068 
-0.491071 -0.496205 -0.425660 -0.416608 -0.450883 -0.355043 -0.484692 -0.493098 -0.273482 -0.493098 -0.484692 -0.355043 -0.450883 -0.416608 -0.425660 -0.496205 -0.491071 
-0.489987 -0.495671 -0.419462 -0.416130 -0.452988 -0.365827 -0.483916 -0.484449 -0.283140 -0.484449 -0.483916 -0.365827 -0.452988 -0.416130 -0.419462 -0.495671 -0.489987 
-0.488801 -0.495083 -0.413115 -0.417130 -0.454639 -0.375709 -0.485105 -0.472230 -0.296375 -0.472230 -0.485105 -0.375709 -0.454639 -0.417130 -0.413115 -0.495083 -0.488801 
-0.487499 -0.494452 -0.406710 -0.419575 -0.455748 -0.384451 -0.487656 -0.457608 -0.312604 -0.457608 -0.487656 -0.384451 -0.455748 -0.419575 -0.406710 -0.494452 -0.487499 
-0.486063 -0.493791 -0.400345 -0.423268 -0.456365 -0.391916 -0.490457 -0.442337 -0.330915 -0.442337 -0.490457 -0.391916 -0.456365 -0.423268 -0.400345 -0.493791 -0.486063 
-0.484482 -0.493118 -0.394118 -0.427875 -0.456670 -0.398054 -0.492137 -0.428444 -0.350202 -0.428444 -0.492137 -0.398054 -0.456670 -0.427875 -0.394118 -0.493118 -0.484482 
-0.482749 -0.492447 -0.388118 -0.432974 -0.456942 -0.402886 -0.491387 -0.417838 -0.369321 -0.417838 -0.491387 -0.402886 -0.456942 -0.432974 -0.388118 -0.492447 -0.482749 
-0.480863 -0.491788 -0.382410 -0.438121 -0.457504 -0.406474 -0.487275 -0.411936 -0.387256 -0.411936 -0.487275 -0.406474 -0.457504 -0.438121 -0.382410 -0.491788 -0.480863 
-0.478835 -0.491149 -0.377039 -0.442922 -0.458662 -0.408902 -0.479495 -0.411369 -0.403252 -0.411369 -0.479495 -0.408902 -0.458662 -0.442922 -0.377039 -0.491149 -0.478835 
-0.476686 -0.490528 -0.372021 -0.447092 -0.460647 -0.410264 -0.468477 -0.415834 -0.416902 -0.415834 -0.468477 -0.410264 -0.460647 -0.447092 -0.372021 -0.490528 -0.476686 
-0.474445 -0.489915 -0.367345 -0.450495 -0.463565 -0.410656 -0.455362 -0.424135 -0.428168 -0.424135 -0.455362 -0.410656 -0.463565 -0.450495 -0.367345 -0.489915 -0.474445 
-0.472148 -0.489293 -0.362980 -0.453166 -0.467376 -0.410174 -0.441813 -0.434382 -0.437337 -0.434382 -0.441813 -0.410174 -0.467376 -0.453166 -0.362980 -0.489293 -0.472148 
-0.469834 -0.488642 -0.358884 -0.455288 -0.471897 -0.408921 -0.429727 -0.444345 -0.444924 -0.444345 -0.429727 -0.408921 -0.471897 -0.455288 -0.358884 -0.488642 -0.469834 
-0.467543 -0.487940 -0.355012 -0.457158 -0.476829 -0.407012 -0.420875 -0.451864 -0.451534 -0.451864 -0.420875 -0.407012 -0.476829 -0.457158 -0.355012 -0.487940 -0.467543 
-0.465306 -0.487168 -0.351330 -0.459119 -0.481809 -0.404568 -0.416576 -0.455262 -0.457725 -0.455262 -0.416576 -0.404568 -0.481809 -0.459119 -0.351330 -0.487168 -0.465306 
-0.463147 -0.486317 -0.347821 -0.461491 -0.486474 -0.401715 -0.417434 -0.453659 -0.463882 -0.453659 -0.417434 -0.401715 -0.486474 -0.461491 -0.347821 -0.486317 -0.463147 
-0.461077 -0.485386 -0.344496 -0.464510 -0.490520 -0.398570 -0.423224 -0.447146 -0.470143 -0.447146 -0.423224 -0.398570 -0.490520 -0.464510 -0.344496 -0.485386 -0.461077 
-0.459093 -0.484391 -0.341390 -0.468275 -0.493748 -0.395227 -0.432923 -0.436768 -0.476369 -0.436768 -0.432923 -0.395227 -0.493748 -0.468275 -0.341390 -0.484391 -0.459093 
-0.457182 -0.483358 -0.338563 -0.472727 -0.496097 -0.391738 -0.444904 -0.424339 -0.482183 -0.424339 -0.444904 -0.391738 -0.496097 -0.472727 -0.338563 -0.483358 -0.457182 
-0.455322 -0.482328 -0.336095 -0.477659 -0.497630 -0.388103 -0.457231 -0.412104 -0.487055 -0.412104 -0.457231 -0.388103 -0.497630 -0.477659 -0.336095 -0.482328 -0.455322 
-0.453489 -0.481347 -0.334069 -0.482753 -0.498516 -0.384271 -0.468016 -0.402329 -0.490418 -0.402329 -0.468016 -0.384271 -0.498516 -0.482753 -0.334069 -0.481347 -0.453489 
-0.451662 -0.480462 -0.332565 -0.487634 -0.498971 -0.380148 -0.475764 -0.396896 -0.491794 -0.396896 -0.475764 -0.380148 -0.498971 -0.487634 -0.332565 -0.480462 -0.451662 
-0.449832 -0.479715 -0.331646 -0.491942 -0.499203 -0.375620 -0.479624 -0.396967 -0.490904 -0.396967 -0.479624 -0.375620 -0.499203 -0.491942 -0.331646 -0.479715 -0.449832 
-0.448006 -0.479134 -0.331344 -0.495393 -0.499349 -0.370588 -0.479527 -0.402793 -0.487732 -0.402793 -0.479527 -0.370588 -0.499349 -0.495393 -0.331344 -0.479134 -0.448006 
-0.446210 -0.478732 -0.331656 -0.497830 -0.499438 -0.365005 -0.476158 -0.413696 -0.482550 -0.413696 -0.476158 -0.365005 -0.499438 -0.497830 -0.331656 -0.478732 -0.446210 
-0.444491 -0.478503 -0.332538 -0.499241 -0.499373 -0.358912 -0.470791 -0.428213 -0.475875 -0.428213 -0.470791 -0.358912 -0.499373 -0.499241 -0.332538 -0.478503 -0.444491 
-0.442913 -0.478420 -0.333908 -0.499752 -0.498944 -0.352461 -0.465016 -0.444391 -0.468390 -0.444391 -0.465016 -0.352461 -0.498944 -0.499752 -0.333908 -0.478420 -0.442913 
-0.441551 -0.478444 -0.335651 -0.499590 -0.497873 -0.345921 -0.460408 -0.460145 -0.460831 -0.460145 -0.460408 -0.345921 -0.497873 -0.499590 -0.335651 -0.478444 -0.441551 
-0.440486 -0.478526 -0.337628 -0.499028 -0.495873 -0.339669 -0.458223 -0.473635 -0.453862 -0.473635 -0.458223 -0.339669 -0.495873 -0.499028 -0.337628 -0.478526 -0.440486 
-0.439787 -0.478619 -0.339688 -0.498316 -0.492724 -0.334152 -0.459158 -0.483569 -0.447973 -0.483569 -0.459158 -0.334152 -0.492724 -0.498316 -0.339688 -0.478619 -0.439787 
-0.439512 -0.478685 -0.341678 -0.497622 -0.488335 -0.329834 -0.463240 -0.489389 -0.443410 -0.489389 -0.463240 -0.329834 -0.488335 -0.497622 -0.341678 -0.478685 -0.439512 
-0.439694 -0.478702 -0.343457 -0.496988 -0.482783 -0.327139 -0.469852 -0.491311 -0.440148 -0.491311 -0.469852 -0.327139 -0.482783 -0.496988 -0.343457 -0.478702 -0.439694 
-0.440335 -0.478672 -0.344902 -0.496322 -0.476326 -0.326387 -0.477888 -0.490206 -0.437924 -0.490206 -0.477888 -0.326387 -0.476326 -0.496322 -0.344902 -0.478672 -0.440335 
-0.441412 -0.478617 -0.345918 -0.495412 -0.469376 -0.327745 -0.486002 -0.487368 -0.436303 -0.487368 -0.486002 -0.327745 -0.469376 -0.495412 -0.345918 -0.478617 -0.441412 
-0.442873 -0.478582 -0.346437 -0.493975 -0.462433 -0.331199 -0.492895 -0.484216 -0.434782 -0.484216 -0.492895 -0.331199 -0.462433 -0.493975 -0.346437 -0.478582 -0.442873 
-0.444649 -0.478625 -0.346423 -0.491722 -0.456008 -0.336552 -0.497584 -0.481988 -0.432899 -0.481988 -0.497584 -0.336552 -0.456008 -0.491722 -0.346423 -0.478625 -0.444649 
-0.446662 -0.478807 -0.345865 -0.488439 -0.450522 -0.343449 -0.499589 -0.481502 -0.430329 -0.481502 -0.499589 -0.343449 -0.450522 -0.488439 -0.345865 -0.478807 -0.446662 
-0.448837 -0.479185 -0.344774 -0.484047 -0.446229 -0.351430 -0.499007 -0.483014 -0.426953 -0.483014 -0.499007 -0.351430 -0.446229 -0.484047 -0.344774 -0.479185 -0.448837 
-0.451111 -0.479794 -0.343182 -0.478645 -0.443156 -0.359993 -0.496465 -0.486211 -0.422886 -0.486211 -0.496465 -0.359993 -0.443156 -0.478645 -0.343182 -0.479794 -0.451111 
-0.453441 -0.480650 -0.341129 -0.472518 -0.441090 -0.368670 -0.492949 -0.490326 -0.418455 -0.490326 -0.492949 -0.368670 -0.441090 -0.472518 -0.341129 -0.480650 -0.453441 
-0.455810 -0.481735 -0.338660 -0.466108 -0.439609 -0.377091 -0.489570 -0.494346 -0.414141 -0.494346 -0.489570 -0.377091 -0.439609 -0.466108 -0.338660 -0.481735 -0.455810 
-0.458222 -0.483007 -0.335822 -0.459954 -0.438151 -0.385029 -0.487299 -0.497267 -0.410498 -0.497267 -0.487299 -0.385029 -0.438151 -0.459954 -0.335822 -0.483007 -0.458222 
-0.460704 -0.484399 -0.332652 -0.454601 -0.436125 -0.392421 -0.486738 -0.498335 -0.408050 -0.498335 -0.486738 -0.392421 -0.436125 -0.454601 -0.332652 -0.484399 -0.460704 
-0.463289 -0.485834 -0.329177 -0.450509 -0.433019 -0.399357 -0.487988 -0.497225 -0.407208 -0.497225 -0.487988 -0.399357 -0.433019 -0.450509 -0.329177 -0.485834 -0.463289 
-0.466011 -0.487233 -0.325408 -0.447971 -0.428518 -0.406040 -0.490610 -0.494110 -0.408201 -0.494110 -0.490610 -0.406040 -0.428518 -0.447971 -0.325408 -0.487233 -0.466011 
-0.468892 -0.488529 -0.321338 -0.447054 -0.422576 -0.412731 -0.493730 -0.489628 -0.411042 -0.489628 -0.493730 -0.412731 -0.422576 -0.447054 -0.321338 -0.488529 -0.468892 
