-0.500000 -0.500000 -0.500000 -0.500000 -0.500000 -0.500000 -0.500000 -0.500000 0.500000 -0.500000 -0.500000 -0.500000 -0.500000 -0.500000 -0.500000 -0.500000 -0.500000 
-0.500000 -0.500000 -0.500000 -0.500000 -0.500000 -0.500000 -0.500000 -0.497505 0.495009 -0.497505 -0.500000 -0.500000 -0.500000 -0.500000 -0.500000 -0.500000 -0.500000 
-0.500000 -0.500000 -0.500000 -0.500000 -0.500000 -0.500000 -0.499994 -0.490077 0.480141 -0.490077 -0.499994 -0.500000 -0.500000 -0.500000 -0.500000 -0.500000 -0.500000 
-0.500000 -0.500000 -0.500000 -0.500000 -0.500000 -0.500000 -0.499969 -0.477887 0.455712 -0.477887 -0.499969 -0.500000 -0.500000 -0.500000 -0.500000 -0.500000 -0.500000 
-0.500000 -0.500000 -0.500000 -0.500000 -0.500000 -0.500000 -0.499902 -0.461218 0.422239 -0.461218 -0.499902 -0.500000 -0.500000 -0.500000 -0.500000 -0.500000 -0.500000 
-0.500000 -0.500000 -0.500000 -0.500000 -0.500000 -0.499998 -0.499764 -0.440453 0.380430 -0.440453 -0.499764 -0.499998 -0.500000 -0.500000 -0.500000 -0.500000 -0.500000 
-0.500000 -0.500000 -0.500000 -0.500000 -0.500000 -0.499995 -0.499519 -0.416070 0.331167 -0.416070 -0.499519 -0.499995 -0.500000 -0.500000 -0.500000 -0.500000 -0.500000 
-0.500000 -0.500000 -0.500000 -0.500000 -0.500000 -0.499988 -0.499124 -0.388631 0.275486 -0.388631 -0.499124 -0.499988 -0.500000 -0.500000 -0.500000 -0.500000 -0.500000 
-0.500000 -0.500000 -0.500000 -0.500000 -0.500000 -0.499973 -0.498537 -0.358768 0.214555 -0.358768 -0.498537 -0.499973 -0.500000 -0.500000 -0.500000 -0.500000 -0.500000 
-0.500000 -0.500000 -0.500000 -0.500000 -0.499999 -0.499947 -0.497712 -0.327165 0.149647 -0.327165 -0.497712 -0.499947 -0.499999 -0.500000 -0.500000 -0.500000 -0.500000 
-0.500000 -0.500000 -0.500000 -0.500000 -0.499998 -0.499903 -0.496605 -0.294549 0.082110 -0.294549 -0.496605 -0.499903 -0.499998 -0.500000 -0.500000 -0.500000 -0.500000 
-0.500000 -0.500000 -0.500000 -0.500000 -0.499997 -0.499832 -0.495175 -0.261666 0.013339 -0.261666 -0.495175 -0.499832 -0.499997 -0.500000 -0.500000 -0.500000 -0.500000 
-0.500000 -0.500000 -0.500000 -0.500000 -0.499993 -0.499724 -0.493387 -0.229267 -0.055258 -0.229267 -0.493387 -0.499724 -0.499993 -0.500000 -0.500000 -0.500000 -0.500000 
-0.500000 -0.500000 -0.500000 -0.500000 -0.499988 -0.499566 -0.491212 -0.198092 -0.122287 -0.198092 -0.491212 -0.499566 -0.499988 -0.500000 -0.500000 -0.500000 -0.500000 
-0.500000 -0.500000 -0.500000 -0.500000 -0.499979 -0.499343 -0.488630 -0.168848 -0.186404 -0.168848 -0.488630 -0.499343 -0.499979 -0.500000 -0.500000 -0.500000 -0.500000 
-0.500000 -0.500000 -0.500000 -0.500000 -0.499964 -0.499038 -0.485632 -0.142197 -0.246340 -0.142197 -0.485632 -0.499038 -0.499964 -0.500000 -0.500000 -0.500000 -0.500000 
-0.500000 -0.500000 -0.500000 -0.500000 -0.499940 -0.498631 -0.482221 -0.118741 -0.300932 -0.118741 -0.482221 -0.498631 -0.499940 -0.500000 -0.500000 -0.500000 -0.500000 
-0.500000 -0.500000 -0.500000 -0.499999 -0.499906 -0.498104 -0.478413 -0.099005 -0.349147 -0.099005 -0.478413 -0.498104 -0.499906 -0.499999 -0.500000 -0.500000 -0.500000 
-0.500000 -0.500000 -0.500000 -0.499999 -0.499855 -0.497433 -0.474234 -0.083427 -0.390104 -0.083427 -0.474234 -0.497433 -0.499855 -0.499999 -0.500000 -0.500000 -0.500000 
-0.500000 -0.500000 -0.500000 -0.499998 -0.499783 -0.496597 -0.469727 -0.072349 -0.423091 -0.072349 -0.469727 -0.496597 -0.499783 -0.499998 -0.500000 -0.500000 -0.500000 
-0.500000 -0.500000 -0.500000 -0.499997 -0.499683 -0.495575 -0.464946 -0.066008 -0.447583 -0.066008 -0.464946 -0.495575 -0.499683 -0.499997 -0.500000 -0.500000 -0.500000 
-0.500000 -0.500000 -0.500000 -0.499995 -0.499547 -0.494347 -0.459957 -0.064532 -0.463246 -0.064532 -0.459957 -0.494347 -0.499547 -0.499995 -0.500000 -0.500000 -0.500000 
-0.500000 -0.500000 -0.500000 -0.499992 -0.499365 -0.492895 -0.454835 -0.067938 -0.469951 -0.067938 -0.454835 -0.492895 -0.499365 -0.499992 -0.500000 -0.500000 -0.500000 
-0.500000 -0.500000 -0.500000 -0.499988 -0.499126 -0.491203 -0.449668 -0.076131 -0.467768 -0.076131 -0.449668 -0.491203 -0.499126 -0.499988 -0.500000 -0.500000 -0.500000 
-0.500000 -0.500000 -0.499999 -0.499982 -0.498817 -0.489263 -0.444548 -0.088909 -0.456963 -0.088909 -0.444548 -0.489263 -0.498817 -0.499982 -0.499999 -0.500000 -0.500000 
-0.500000 -0.500000 -0.499999 -0.499974 -0.498424 -0.487067 -0.439573 -0.105966 -0.437994 -0.105966 -0.439573 -0.487067 -0.498424 -0.499974 -0.499999 -0.500000 -0.500000 
-0.500000 -0.500000 -0.499998 -0.499962 -0.497931 -0.484617 -0.434843 -0.126901 -0.411495 -0.126901 -0.434843 -0.484617 -0.497931 -0.499962 -0.499998 -0.500000 -0.500000 
-0.500000 -0.500000 -0.499997 -0.499947 -0.497321 -0.481919 -0.430458 -0.151228 -0.378260 -0.151228 -0.430458 -0.481919 -0.497321 -0.499947 -0.499997 -0.500000 -0.500000 
-0.500000 -0.500000 -0.499996 -0.499927 -0.496574 -0.478987 -0.426514 -0.178390 -0.339223 -0.178390 -0.426514 -0.478987 -0.496574 -0.499927 -0.499996 -0.500000 -0.500000 
-0.500000 -0.500000 -0.499994 -0.499900 -0.495672 -0.475845 -0.423103 -0.207769 -0.295436 -0.207769 -0.423103 -0.475845 -0.495672 -0.499900 -0.499994 -0.500000 -0.500000 
-0.500000 -0.500000 -0.499991 -0.499866 -0.494594 -0.472521 -0.420306 -0.238701 -0.248044 -0.238701 -0.420306 -0.472521 -0.494594 -0.499866 -0.499991 -0.500000 -0.500000 
-0.500000 -0.499999 -0.499987 -0.499821 -0.493321 -0.469054 -0.418195 -0.270496 -0.198254 -0.270496 -0.418195 -0.469054 -0.493321 -0.499821 -0.499987 -0.499999 -0.500000 
-0.500000 -0.499999 -0.499982 -0.499765 -0.491832 -0.465489 -0.416827 -0.302450 -0.147311 -0.302450 -0.416827 -0.465489 -0.491832 -0.499765 -0.499982 -0.499999 -0.500000 
-0.500000 -0.499998 -0.499975 -0.499695 -0.490109 -0.461880 -0.416244 -0.333865 -0.096467 -0.333865 -0.416244 -0.461880 -0.490109 -0.499695 -0.499975 -0.499998 -0.500000 
-0.500000 -0.499998 -0.499966 -0.499609 -0.488134 -0.458287 -0.416471 -0.364060 -0.046951 -0.364060 -0.416471 -0.458287 -0.488134 -0.499609 -0.499966 -0.499998 -0.500000 
-0.500000 -0.499997 -0.499953 -0.499502 -0.485891 -0.454774 -0.417516 -0.392395 0.000056 -0.392395 -0.417516 -0.454774 -0.485891 -0.499502 -0.499953 -0.499997 -0.500000 
-0.500000 -0.499995 -0.499937 -0.499373 -0.483368 -0.451410 -0.419365 -0.418277 0.043453 -0.418277 -0.419365 -0.451410 -0.483368 -0.499373 -0.499937 -0.499995 -0.500000 
-0.500000 -0.499993 -0.499917 -0.499219 -0.480556 -0.448268 -0.421988 -0.441178 0.082237 -0.441178 -0.421988 -0.448268 -0.480556 -0.499219 -0.499917 -0.499993 -0.500000 
-0.500000 -0.499990 -0.499891 -0.499034 -0.477451 -0.445418 -0.425333 -0.460647 0.115529 -0.460647 -0.425333 -0.445418 -0.477451 -0.499034 -0.499891 -0.499990 -0.500000 
-0.500000 -0.499987 -0.499859 -0.498816 -0.474051 -0.442933 -0.429334 -0.476317 0.142592 -0.476317 -0.429334 -0.442933 -0.474051 -0.498816 -0.499859 -0.499987 -0.500000 
-0.500000 -0.499982 -0.499818 -0.498561 -0.470363 -0.440880 -0.433904 -0.487914 0.162844 -0.487914 -0.433904 -0.440880 -0.470363 -0.498561 -0.499818 -0.499982 -0.500000 
-0.500000 -0.499975 -0.499768 -0.498266 -0.466398 -0.439322 -0.438945 -0.495263 0.175873 -0.495263 -0.438945 -0.439322 -0.466398 -0.498266 -0.499768 -0.499975 -0.500000 
-0.499999 -0.499967 -0.499707 -0.497925 -0.462173 -0.438315 -0.444344 -0.498291 0.181441 -0.498291 -0.444344 -0.438315 -0.462173 -0.497925 -0.499707 -0.499967 -0.499999 
-0.499999 -0.499956 -0.499632 -0.497536 -0.457713 -0.437903 -0.449979 -0.497026 0.179490 -0.497026 -0.449979 -0.437903 -0.457713 -0.497536 -0.499632 -0.499956 -0.499999 
-0.499999 -0.499942 -0.499542 -0.497096 -0.453050 -0.438122 -0.455722 -0.491595 0.170135 -0.491595 -0.455722 -0.438122 -0.453050 -0.497096 -0.499542 -0.499942 -0.499999 
-0.499998 -0.499924 -0.499435 -0.496601 -0.448220 -0.438993 -0.461442 -0.482222 0.153668 -0.482222 -0.461442 -0.438993 -0.448220 -0.496601 -0.499435 -0.499924 -0.499998 
-0.499998 -0.499901 -0.499308 -0.496048 -0.443269 -0.440520 -0.467005 -0.469219 0.130539 -0.469219 -0.467005 -0.440520 -0.443269 -0.496048 -0.499308 -0.499901 -0.499998 
-0.499997 -0.499873 -0.499159 -0.495437 -0.438249 -0.442696 -0.472285 -0.452980 0.101350 -0.452980 -0.472285 -0.442696 -0.438249 -0.495437 -0.499159 -0.499873 -0.499997 
-0.499996 -0.499837 -0.498984 -0.494765 -0.433216 -0.445493 -0.477159 -0.433968 0.066836 -0.433968 -0.477159 -0.445493 -0.433216 -0.494765 -0.498984 -0.499837 -0.499996 
-0.499994 -0.499794 -0.498783 -0.494032 -0.428233 -0.448868 -0.481516 -0.412703 0.027844 -0.412703 -0.481516 -0.448868 -0.428233 -0.494032 -0.498783 -0.499794 -0.499994 
-0.499992 -0.499740 -0.498550 -0.493239 -0.423366 -0.452760 -0.485258 -0.389751 -0.014685 -0.389751 -0.485258 -0.452760 -0.423366 -0.493239 -0.498550 -0.499740 -0.499992 
-0.499990 -0.499674 -0.498285 -0.492387 -0.418686 -0.457091 -0.488304 -0.365711 -0.059742 -0.365711 -0.488304 -0.457091 -0.418686 -0.492387 -0.498285 -0.499674 -0.499990 
-0.499987 -0.499595 -0.497985 -0.491479 -0.414265 -0.461767 -0.490590 -0.341195 -0.106273 -0.341195 -0.490590 -0.461767 -0.414265 -0.491479 -0.497985 -0.499595 -0.499987 
-0.499983 -0.499500 -0.497647 -0.490519 -0.410176 -0.466681 -0.492072 -0.316818 -0.153207 -0.316818 -0.492072 -0.466681 -0.410176 -0.490519 -0.497647 -0.499500 -0.499983 
-0.499979 -0.499387 -0.497270 -0.489512 -0.406490 -0.471711 -0.492730 -0.293183 -0.199479 -0.293183 -0.492730 -0.471711 -0.406490 -0.489512 -0.497270 -0.499387 -0.499979 
-0.499973 -0.499252 -0.496851 -0.488464 -0.403277 -0.476728 -0.492564 -0.270864 -0.244056 -0.270864 -0.492564 -0.476728 -0.403277 -0.488464 -0.496851 -0.499252 -0.499973 
-0.499965 -0.499092 -0.496390 -0.487383 -0.400603 -0.481593 -0.491597 -0.250395 -0.285962 -0.250395 -0.491597 -0.481593 -0.400603 -0.487383 -0.496390 -0.499092 -0.499965 
-0.499956 -0.498906 -0.495885 -0.486278 -0.398528 -0.486163 -0.489876 -0.232259 -0.324298 -0.232259 -0.489876 -0.486163 -0.398528 -0.486278 -0.495885 -0.498906 -0.499956 
-0.499945 -0.498688 -0.495338 -0.485159 -0.397105 -0.490295 -0.487466 -0.216873 -0.358262 -0.216873 -0.487466 -0.490295 -0.397105 -0.485159 -0.495338 -0.498688 -0.499945 
-0.499932 -0.498435 -0.494748 -0.484036 -0.396379 -0.493848 -0.484453 -0.204585 -0.387168 -0.204585 -0.484453 -0.493848 -0.396379 -0.484036 -0.494748 -0.498435 -0.499932 
-0.499915 -0.498144 -0.494117 -0.482922 -0.396382 -0.496687 -0.480940 -0.195661 -0.410460 -0.195661 -0.480940 -0.496687 -0.396382 -0.482922 -0.494117 -0.498144 -0.499915 
-0.499895 -0.497811 -0.493448 -0.481830 -0.397138 -0.498687 -0.477044 -0.190285 -0.427723 -0.190285 -0.477044 -0.498687 -0.397138 -0.481830 -0.493448 -0.497811 -0.499895 
-0.499872 -0.497431 -0.492744 -0.480773 -0.398656 -0.499738 -0.472892 -0.188551 -0.438688 -0.188551 -0.472892 -0.499738 -0.398656 -0.480773 -0.492744 -0.497431 -0.499872 
-0.499844 -0.497000 -0.492009 -0.479764 -0.400932 -0.499744 -0.468620 -0.190468 -0.443239 -0.190468 -0.468620 -0.499744 -0.400932 -0.479764 -0.492009 -0.497000 -0.499844 
-0.499810 -0.496514 -0.491249 -0.478817 -0.403948 -0.498632 -0.464367 -0.195956 -0.441413 -0.195956 -0.464367 -0.498632 -0.403948 -0.478817 -0.491249 -0.496514 -0.499810 
-0.499771 -0.495969 -0.490470 -0.477946 -0.407672 -0.496351 -0.460271 -0.204853 -0.433394 -0.204853 -0.460271 -0.496351 -0.407672 -0.477946 -0.490470 -0.495969 -0.499771 
-0.499725 -0.495361 -0.489681 -0.477163 -0.412057 -0.492875 -0.456467 -0.216917 -0.419510 -0.216917 -0.456467 -0.492875 -0.412057 -0.477163 -0.489681 -0.495361 -0.499725 
-0.499671 -0.494687 -0.488888 -0.476481 -0.417041 -0.488204 -0.453081 -0.231838 -0.400219 -0.231838 -0.453081 -0.488204 -0.417041 -0.476481 -0.488888 -0.494687 -0.499671 
-0.499609 -0.493943 -0.488102 -0.475911 -0.422548 -0.482369 -0.450226 -0.249242 -0.376097 -0.249242 -0.450226 -0.482369 -0.422548 -0.475911 -0.488102 -0.493943 -0.499609 
-0.499537 -0.493127 -0.487333 -0.475463 -0.428493 -0.475428 -0.448003 -0.268704 -0.347825 -0.268704 -0.448003 -0.475428 -0.428493 -0.475463 -0.487333 -0.493127 -0.499537 
-0.499454 -0.492235 -0.486592 -0.475145 -0.434774 -0.467469 -0.446489 -0.289757 -0.316169 -0.289757 -0.446489 -0.467469 -0.434774 -0.475145 -0.486592 -0.492235 -0.499454 
-0.499359 -0.491268 -0.485891 -0.474962 -0.441284 -0.458604 -0.445745 -0.311907 -0.281959 -0.311907 -0.445745 -0.458604 -0.441284 -0.474962 -0.485891 -0.491268 -0.499359 
-0.499251 -0.490223 -0.485241 -0.474920 -0.447907 -0.448976 -0.445805 -0.334642 -0.246070 -0.334642 -0.445805 -0.448976 -0.447907 -0.474920 -0.485241 -0.490223 -0.499251 
-0.499129 -0.489101 -0.484654 -0.475019 -0.454519 -0.438748 -0.446680 -0.357447 -0.209404 -0.357447 -0.446680 -0.438748 -0.454519 -0.475019 -0.484654 -0.489101 -0.499129 
-0.498990 -0.487903 -0.484143 -0.475258 -0.460996 -0.428106 -0.448357 -0.379817 -0.172860 -0.379817 -0.448357 -0.428106 -0.460996 -0.475258 -0.484143 -0.487903 -0.498990 
-0.498835 -0.486632 -0.483718 -0.475635 -0.467211 -0.417250 -0.450793 -0.401265 -0.137321 -0.401265 -0.450793 -0.417250 -0.467211 -0.475635 -0.483718 -0.486632 -0.498835 
-0.498661 -0.485289 -0.483391 -0.476142 -0.473041 -0.406395 -0.453926 -0.421339 -0.103631 -0.421339 -0.453926 -0.406395 -0.473041 -0.476142 -0.483391 -0.485289 -0.498661 
-0.498467 -0.483880 -0.483172 -0.476772 -0.478366 -0.395763 -0.457666 -0.439628 -0.072573 -0.439628 -0.457666 -0.395763 -0.478366 -0.476772 -0.483172 -0.483880 -0.498467 
-0.498252 -0.482411 -0.483068 -0.477512 -0.483074 -0.385578 -0.461903 -0.455773 -0.044857 -0.455773 -0.461903 -0.385578 -0.483074 -0.477512 -0.483068 -0.482411 -0.498252 
-0.498015 -0.480888 -0.483087 -0.478350 -0.487064 -0.376062 -0.466509 -0.469474 -0.021100 -0.469474 -0.466509 -0.376062 -0.487064 -0.478350 -0.483087 -0.480888 -0.498015 
-0.497754 -0.479320 -0.483234 -0.479268 -0.490247 -0.367430 -0.471341 -0.480496 -0.001819 -0.480496 -0.471341 -0.367430 -0.490247 -0.479268 -0.483234 -0.479320 -0.497754 
-0.497469 -0.477717 -0.483513 -0.480249 -0.492547 -0.359882 -0.476242 -0.488674 0.012586 -0.488674 -0.476242 -0.359882 -0.492547 -0.480249 -0.483513 -0.477717 -0.497469 
-0.497157 -0.476090 -0.483922 -0.481273 -0.493909 -0.353599 -0.481051 -0.493915 0.021832 -0.493915 -0.481051 -0.353599 -0.493909 -0.481273 -0.483922 -0.476090 -0.497157 
-0.496819 -0.474451 -0.484461 -0.482320 -0.494294 -0.348738 -0.485600 -0.496197 0.025761 -0.496197 -0.485600 -0.348738 -0.494294 -0.482320 -0.484461 -0.474451 -0.496819 
-0.496454 -0.472813 -0.485123 -0.483369 -0.493683 -0.345430 -0.489725 -0.495572 0.024339 -0.495572 -0.489725 -0.345430 -0.493683 -0.483369 -0.485123 -0.472813 -0.496454 
-0.496061 -0.471192 -0.485902 -0.484397 -0.492078 -0.343769 -0.493269 -0.492159 0.017655 -0.492159 -0.493269 -0.343769 -0.492078 -0.484397 -0.485902 -0.471192 -0.496061 
-0.495640 -0.469602 -0.486785 -0.485383 -0.489504 -0.343817 -0.496084 -0.486143 0.005916 -0.486143 -0.496084 -0.343817 -0.489504 -0.485383 -0.486785 -0.469602 -0.495640 
-0.495191 -0.468060 -0.487759 -0.486306 -0.486006 -0.345597 -0.498036 -0.477765 -0.010560 -0.477765 -0.498036 -0.345597 -0.486006 -0.486306 -0.487759 -0.468060 -0.495191 
-0.494714 -0.466581 -0.488805 -0.487147 -0.481650 -0.349089 -0.499014 -0.467320 -0.031359 -0.467320 -0.499014 -0.349089 -0.481650 -0.487147 -0.488805 -0.466581 -0.494714 
-0.494209 -0.465184 -0.489904 -0.487889 -0.476522 -0.354236 -0.498927 -0.455142 -0.055975 -0.455142 -0.498927 -0.354236 -0.476522 -0.487889 -0.489904 -0.465184 -0.494209 
-0.493677 -0.463884 -0.491032 -0.488515 -0.470727 -0.360938 -0.497709 -0.441602 -0.083831 -0.441602 -0.497709 -0.360938 -0.470727 -0.488515 -0.491032 -0.463884 -0.493677 
-0.493120 -0.462698 -0.492164 -0.489014 -0.464386 -0.369055 -0.495326 -0.427092 -0.114292 -0.427092 -0.495326 -0.369055 -0.464386 -0.489014 -0.492164 -0.462698 -0.493120 
-0.492537 -0.461644 -0.493272 -0.489376 -0.457633 -0.378412 -0.491768 -0.412018 -0.146679 -0.412018 -0.491768 -0.378412 -0.457633 -0.489376 -0.493272 -0.461644 -0.492537 
-0.491932 -0.460734 -0.494326 -0.489596 -0.450615 -0.388797 -0.487062 -0.396791 -0.180292 -0.396791 -0.487062 -0.388797 -0.450615 -0.489596 -0.494326 -0.460734 -0.491932 
-0.491306 -0.459985 -0.495296 -0.489671 -0.443486 -0.399970 -0.481262 -0.381813 -0.214422 -0.381813 -0.481262 -0.399970 -0.443486 -0.489671 -0.495296 -0.459985 -0.491306 
-0.490660 -0.459408 -0.496151 -0.489603 -0.436406 -0.411666 -0.474453 -0.367468 -0.248368 -0.367468 -0.474453 -0.411666 -0.436406 -0.489603 -0.496151 -0.459408 -0.490660 
-0.489998 -0.459014 -0.496859 -0.489399 -0.429534 -0.423599 -0.466750 -0.354118 -0.281459 -0.354118 -0.466750 -0.423599 -0.429534 -0.489399 -0.496859 -0.459014 -0.489998 
-0.489321 -0.458812 -0.497389 -0.489067 -0.423030 -0.435471 -0.458291 -0.342088 -0.313059 -0.342088 -0.458291 -0.435471 -0.423030 -0.489067 -0.497389 -0.458812 -0.489321 
-0.488634 -0.458809 -0.497713 -0.488623 -0.417045 -0.446977 -0.449241 -0.331663 -0.342593 -0.331663 -0.449241 -0.446977 -0.417045 -0.488623 -0.497713 -0.458809 -0.488634 
-0.487937 -0.459009 -0.497802 -0.488083 -0.411721 -0.457813 -0.439782 -0.323079 -0.369548 -0.323079 -0.439782 -0.457813 -0.411721 -0.488083 -0.497802 -0.459009 -0.487937 
-0.487236 -0.459413 -0.497633 -0.487468 -0.407187 -0.467682 -0.430112 -0.316523 -0.393490 -0.316523 -0.430112 -0.467682 -0.407187 -0.487468 -0.497633 -0.459413 -0.487236 
