-0.500000 -0.500000 -0.500000 -0.500000 -0.500000 -0.500000 -0.500000 -0.500000 0.500000 -0.500000 -0.500000 -0.500000 -0.500000 -0.500000 -0.500000 -0.500000 -0.500000 
-0.500000 -0.500000 -0.500000 -0.500000 -0.500000 -0.500000 -0.499998 -0.497506 0.495009 -0.497506 -0.499998 -0.500000 -0.500000 -0.500000 -0.500000 -0.500000 -0.500000 
-0.500000 -0.500000 -0.500000 -0.500000 -0.500000 -0.500000 -0.499975 -0.490100 0.480149 -0.490100 -0.499975 -0.500000 -0.500000 -0.500000 -0.500000 -0.500000 -0.500000 
-0.500000 -0.500000 -0.500000 -0.500000 -0.500000 -0.500000 -0.499875 -0.478002 0.455753 -0.478002 -0.499875 -0.500000 -0.500000 -0.500000 -0.500000 -0.500000 -0.500000 
-0.500000 -0.500000 -0.500000 -0.500000 -0.500000 -0.499998 -0.499611 -0.461574 0.422365 -0.461574 -0.499611 -0.499998 -0.500000 -0.500000 -0.500000 -0.500000 -0.500000 
-0.500000 -0.500000 -0.500000 -0.500000 -0.500000 -0.499993 -0.499063 -0.441306 0.380726 -0.441306 -0.499063 -0.499993 -0.500000 -0.500000 -0.500000 -0.500000 -0.500000 
-0.500000 -0.500000 -0.500000 -0.500000 -0.500000 -0.499981 -0.498093 -0.417803 0.331753 -0.417803 -0.498093 -0.499981 -0.500000 -0.500000 -0.500000 -0.500000 -0.500000 
-0.500000 -0.500000 -0.500000 -0.500000 -0.500000 -0.499952 -0.496544 -0.391762 0.276515 -0.391762 -0.496544 -0.499952 -0.500000 -0.500000 -0.500000 -0.500000 -0.500000 
-0.500000 -0.500000 -0.500000 -0.500000 -0.499999 -0.499895 -0.494252 -0.363956 0.216202 -0.363956 -0.494252 -0.499895 -0.499999 -0.500000 -0.500000 -0.500000 -0.500000 
-0.500000 -0.500000 -0.500000 -0.500000 -0.499997 -0.499792 -0.491053 -0.335205 0.152095 -0.335205 -0.491053 -0.499792 -0.499997 -0.500000 -0.500000 -0.500000 -0.500000 
-0.500000 -0.500000 -0.500000 -0.500000 -0.499994 -0.499617 -0.486797 -0.306355 0.085527 -0.306355 -0.486797 -0.499617 -0.499994 -0.500000 -0.500000 -0.500000 -0.500000 
-0.500000 -0.500000 -0.500000 -0.500000 -0.499987 -0.499340 -0.481350 -0.278251 0.017856 -0.278251 -0.481350 -0.499340 -0.499987 -0.500000 -0.500000 -0.500000 -0.500000 
-0.500000 -0.500000 -0.500000 -0.500000 -0.499975 -0.498919 -0.474608 -0.251708 -0.049581 -0.251708 -0.474608 -0.498919 -0.499975 -0.500000 -0.500000 -0.500000 -0.500000 
-0.500000 -0.500000 -0.500000 -0.499999 -0.499953 -0.498308 -0.466501 -0.227492 -0.115493 -0.227492 -0.466501 -0.498308 -0.499953 -0.499999 -0.500000 -0.500000 -0.500000 
-0.500000 -0.500000 -0.500000 -0.499998 -0.499918 -0.497450 -0.457004 -0.206293 -0.178675 -0.206293 -0.457004 -0.497450 -0.499918 -0.499998 -0.500000 -0.500000 -0.500000 
-0.500000 -0.500000 -0.500000 -0.499997 -0.499862 -0.496283 -0.446135 -0.188707 -0.238032 -0.188707 -0.446135 -0.496283 -0.499862 -0.499997 -0.500000 -0.500000 -0.500000 
-0.500000 -0.500000 -0.500000 -0.499994 -0.499775 -0.494740 -0.433968 -0.175219 -0.292609 -0.175219 -0.433968 -0.494740 -0.499775 -0.499994 -0.500000 -0.500000 -0.500000 
-0.500000 -0.500000 -0.500000 -0.499989 -0.499647 -0.492749 -0.420623 -0.166187 -0.341608 -0.166187 -0.420623 -0.492749 -0.499647 -0.499989 -0.500000 -0.500000 -0.500000 
-0.500000 -0.500000 -0.500000 -0.499982 -0.499462 -0.490238 -0.406276 -0.161838 -0.384409 -0.161838 -0.406276 -0.490238 -0.499462 -0.499982 -0.500000 -0.500000 -0.500000 
-0.500000 -0.500000 -0.499999 -0.499969 -0.499202 -0.487135 -0.391149 -0.162256 -0.420578 -0.162256 -0.391149 -0.487135 -0.499202 -0.499969 -0.499999 -0.500000 -0.500000 
-0.500000 -0.500000 -0.499999 -0.499950 -0.498844 -0.483374 -0.375508 -0.167388 -0.449873 -0.167388 -0.375508 -0.483374 -0.498844 -0.499950 -0.499999 -0.500000 -0.500000 
-0.500000 -0.500000 -0.499997 -0.499922 -0.498364 -0.478895 -0.359657 -0.177044 -0.472242 -0.177044 -0.359657 -0.478895 -0.498364 -0.499922 -0.499997 -0.500000 -0.500000 
-0.500000 -0.500000 -0.499996 -0.499880 -0.497730 -0.473650 -0.343929 -0.190905 -0.487820 -0.190905 -0.343929 -0.473650 -0.497730 -0.499880 -0.499996 -0.500000 -0.500000 
-0.500000 -0.500000 -0.499993 -0.499821 -0.496909 -0.467608 -0.328675 -0.208538 -0.496915 -0.208538 -0.328675 -0.467608 -0.496909 -0.499821 -0.499993 -0.500000 -0.500000 
-0.500000 -0.500000 -0.499989 -0.499736 -0.495865 -0.460751 -0.314256 -0.229407 -0.499994 -0.229407 -0.314256 -0.460751 -0.495865 -0.499736 -0.499989 -0.500000 -0.500000 
-0.500000 -0.499999 -0.499982 -0.499620 -0.494556 -0.453084 -0.301031 -0.252897 -0.497659 -0.252897 -0.301031 -0.453084 -0.494556 -0.499620 -0.499982 -0.499999 -0.500000 
-0.500000 -0.499999 -0.499972 -0.499461 -0.492942 -0.444637 -0.289344 -0.278330 -0.490629 -0.278330 -0.289344 -0.444637 -0.492942 -0.499461 -0.499972 -0.499999 -0.500000 
-0.500000 -0.499998 -0.499958 -0.499250 -0.490978 -0.435461 -0.279512 -0.304988 -0.479708 -0.304988 -0.279512 -0.435461 -0.490978 -0.499250 -0.499958 -0.499998 -0.500000 
-0.500000 -0.499997 -0.499938 -0.498972 -0.488622 -0.425635 -0.271817 -0.332138 -0.465762 -0.332138 -0.271817 -0.425635 -0.488622 -0.498972 -0.499938 -0.499997 -0.500000 
-0.500000 -0.499996 -0.499910 -0.498611 -0.485831 -0.415265 -0.266492 -0.359054 -0.449684 -0.359054 -0.266492 -0.415265 -0.485831 -0.498611 -0.499910 -0.499996 -0.500000 
-0.500000 -0.499994 -0.499870 -0.498149 -0.482567 -0.404480 -0.263715 -0.385039 -0.432373 -0.385039 -0.263715 -0.404480 -0.482567 -0.498149 -0.499870 -0.499994 -0.500000 
-0.500000 -0.499990 -0.499816 -0.497565 -0.478795 -0.393435 -0.263603 -0.409446 -0.414698 -0.409446 -0.263603 -0.393435 -0.478795 -0.497565 -0.499816 -0.499990 -0.500000 
-0.499999 -0.499985 -0.499743 -0.496837 -0.474489 -0.382305 -0.266201 -0.431700 -0.397480 -0.431700 -0.266201 -0.382305 -0.474489 -0.496837 -0.499743 -0.499985 -0.499999 
-0.499999 -0.499978 -0.499646 -0.495940 -0.469628 -0.371285 -0.271486 -0.451308 -0.381460 -0.451308 -0.271486 -0.371285 -0.469628 -0.495940 -0.499646 -0.499978 -0.499999 
-0.499998 -0.499968 -0.499519 -0.494847 -0.464204 -0.360581 -0.279361 -0.467878 -0.367289 -0.467878 -0.279361 -0.360581 -0.464204 -0.494847 -0.499519 -0.499968 -0.499998 
-0.499998 -0.499955 -0.499353 -0.493529 -0.458218 -0.350409 -0.289659 -0.481127 -0.355503 -0.481127 -0.289659 -0.350409 -0.458218 -0.493529 -0.499353 -0.499955 -0.499998 
-0.499996 -0.499936 -0.499141 -0.491958 -0.451688 -0.340988 -0.302148 -0.490886 -0.346517 -0.490886 -0.302148 -0.340988 -0.451688 -0.491958 -0.499141 -0.499936 -0.499996 
-0.499994 -0.499910 -0.498871 -0.490103 -0.444644 -0.332535 -0.316534 -0.497102 -0.340615 -0.497102 -0.316534 -0.332535 -0.444644 -0.490103 -0.498871 -0.499910 -0.499994 
-0.499992 -0.499875 -0.498532 -0.487935 -0.437131 -0.325255 -0.332470 -0.499836 -0.337948 -0.499836 -0.332470 -0.325255 -0.437131 -0.487935 -0.498532 -0.499875 -0.499992 
-0.499988 -0.499830 -0.498110 -0.485427 -0.429213 -0.319338 -0.349569 -0.499258 -0.338536 -0.499258 -0.349569 -0.319338 -0.429213 -0.485427 -0.498110 -0.499830 -0.499988 
-0.499983 -0.499770 -0.497590 -0.482553 -0.420966 -0.314953 -0.367411 -0.495638 -0.342272 -0.495638 -0.367411 -0.314953 -0.420966 -0.482553 -0.497590 -0.499770 -0.499983 
-0.499976 -0.499692 -0.496956 -0.479291 -0.412487 -0.312238 -0.385558 -0.489335 -0.348936 -0.489335 -0.385558 -0.312238 -0.412487 -0.479291 -0.496956 -0.499692 -0.499976 
-0.499966 -0.499591 -0.496190 -0.475621 -0.403882 -0.311302 -0.403568 -0.480777 -0.358205 -0.480777 -0.403568 -0.311302 -0.403882 -0.475621 -0.496190 -0.499591 -0.499966 
-0.499953 -0.499463 -0.495272 -0.471534 -0.395276 -0.312210 -0.421006 -0.470452 -0.369671 -0.470452 -0.421006 -0.312210 -0.395276 -0.471534 -0.495272 -0.499463 -0.499953 
-0.499935 -0.499301 -0.494181 -0.467021 -0.386801 -0.314991 -0.437457 -0.458882 -0.382860 -0.458882 -0.437457 -0.314991 -0.386801 -0.467021 -0.494181 -0.499301 -0.499935 
-0.499911 -0.499098 -0.492897 -0.462086 -0.378601 -0.319627 -0.452542 -0.446611 -0.397252 -0.446611 -0.452542 -0.319627 -0.378601 -0.462086 -0.492897 -0.499098 -0.499911 
-0.499880 -0.498847 -0.491398 -0.456740 -0.370825 -0.326054 -0.465925 -0.434181 -0.412302 -0.434181 -0.465925 -0.326054 -0.370825 -0.456740 -0.491398 -0.498847 -0.499880 
-0.499839 -0.498537 -0.489662 -0.451002 -0.363623 -0.334165 -0.477328 -0.422114 -0.427461 -0.422114 -0.477328 -0.334165 -0.363623 -0.451002 -0.489662 -0.498537 -0.499839 
-0.499786 -0.498158 -0.487668 -0.444904 -0.357146 -0.343810 -0.486532 -0.410898 -0.442196 -0.410898 -0.486532 -0.343810 -0.357146 -0.444904 -0.487668 -0.498158 -0.499786 
-0.499718 -0.497700 -0.485395 -0.438488 -0.351539 -0.354797 -0.493392 -0.400967 -0.456010 -0.400967 -0.493392 -0.354797 -0.351539 -0.438488 -0.485395 -0.497700 -0.499718 
-0.499631 -0.497149 -0.482826 -0.431806 -0.346937 -0.366898 -0.497832 -0.392692 -0.468459 -0.392692 -0.497832 -0.366898 -0.346937 -0.431806 -0.482826 -0.497149 -0.499631 
-0.499521 -0.496491 -0.479945 -0.424922 -0.343464 -0.379856 -0.499853 -0.386365 -0.479167 -0.386365 -0.499853 -0.379856 -0.343464 -0.424922 -0.479945 -0.496491 -0.499521 
-0.499383 -0.495712 -0.476739 -0.417911 -0.341223 -0.393387 -0.499528 -0.382198 -0.487836 -0.382198 -0.499528 -0.393387 -0.341223 -0.417911 -0.476739 -0.495712 -0.499383 
-0.499212 -0.494797 -0.473199 -0.410858 -0.340300 -0.407194 -0.497003 -0.380311 -0.494254 -0.380311 -0.497003 -0.407194 -0.340300 -0.410858 -0.473199 -0.494797 -0.499212 
-0.499000 -0.493728 -0.469323 -0.403856 -0.340753 -0.420968 -0.492484 -0.380737 -0.498302 -0.380737 -0.492484 -0.420968 -0.340753 -0.403856 -0.469323 -0.493728 -0.499000 
-0.498739 -0.492489 -0.465111 -0.397007 -0.342616 -0.434404 -0.486237 -0.383420 -0.499953 -0.383420 -0.486237 -0.434404 -0.342616 -0.397007 -0.465111 -0.492489 -0.498739 
-0.498421 -0.491063 -0.460573 -0.390418 -0.345891 -0.447202 -0.478574 -0.388222 -0.499273 -0.388222 -0.478574 -0.447202 -0.345891 -0.390418 -0.460573 -0.491063 -0.498421 
-0.498036 -0.489433 -0.455722 -0.384200 -0.350551 -0.459081 -0.469844 -0.394928 -0.496410 -0.394928 -0.469844 -0.459081 -0.350551 -0.384200 -0.455722 -0.489433 -0.498036 
-0.497572 -0.487582 -0.450581 -0.378466 -0.356537 -0.469787 -0.460417 -0.403262 -0.491591 -0.403262 -0.460417 -0.469787 -0.356537 -0.378466 -0.450581 -0.487582 -0.497572 
-0.497017 -0.485496 -0.445181 -0.373327 -0.363757 -0.479097 -0.450680 -0.412891 -0.485108 -0.412891 -0.450680 -0.479097 -0.363757 -0.373327 -0.445181 -0.485496 -0.497017 
-0.496356 -0.483159 -0.439560 -0.368893 -0.372092 -0.486828 -0.441013 -0.423446 -0.477306 -0.423446 -0.441013 -0.486828 -0.372092 -0.368893 -0.439560 -0.483159 -0.496356 
-0.495576 -0.480559 -0.433764 -0.365263 -0.381394 -0.492843 -0.431784 -0.434533 -0.468568 -0.434533 -0.431784 -0.492843 -0.381394 -0.365263 -0.433764 -0.480559 -0.495576 
-0.494659 -0.477687 -0.427848 -0.362531 -0.391487 -0.497053 -0.423337 -0.445750 -0.459298 -0.445750 -0.423337 -0.497053 -0.391487 -0.362531 -0.427848 -0.477687 -0.494659 
-0.493588 -0.474534 -0.421873 -0.360777 -0.402176 -0.499422 -0.415975 -0.456700 -0.449908 -0.456700 -0.415975 -0.499422 -0.402176 -0.360777 -0.421873 -0.474534 -0.493588 
-0.492345 -0.471099 -0.415910 -0.360067 -0.413250 -0.499965 -0.409957 -0.467008 -0.440800 -0.467008 -0.409957 -0.499965 -0.413250 -0.360067 -0.415910 -0.471099 -0.492345 
-0.490910 -0.467380 -0.410034 -0.360447 -0.424483 -0.498751 -0.405487 -0.476333 -0.432351 -0.476333 -0.405487 -0.498751 -0.424483 -0.360447 -0.410034 -0.467380 -0.490910 
-0.489264 -0.463383 -0.404324 -0.361948 -0.435646 -0.495896 -0.402708 -0.484380 -0.424900 -0.484380 -0.402708 -0.495896 -0.435646 -0.361948 -0.404324 -0.463383 -0.489264 
-0.487385 -0.459117 -0.398867 -0.364576 -0.446508 -0.491566 -0.401702 -0.490910 -0.418738 -0.490910 -0.401702 -0.491566 -0.446508 -0.364576 -0.398867 -0.459117 -0.487385 
-0.485254 -0.454597 -0.393748 -0.368317 -0.456843 -0.485964 -0.402483 -0.495747 -0.414095 -0.495747 -0.402483 -0.485964 -0.456843 -0.368317 -0.393748 -0.454597 -0.485254 
-0.482850 -0.449844 -0.389056 -0.373133 -0.466439 -0.479329 -0.405001 -0.498782 -0.411135 -0.498782 -0.405001 -0.479329 -0.466439 -0.373133 -0.389056 -0.449844 -0.482850 
-0.480152 -0.444885 -0.384876 -0.378961 -0.475099 -0.471925 -0.409148 -0.499978 -0.409952 -0.499978 -0.409148 -0.471925 -0.475099 -0.378961 -0.384876 -0.444885 -0.480152 
-0.477142 -0.439750 -0.381293 -0.385718 -0.482653 -0.464036 -0.414756 -0.499367 -0.410568 -0.499367 -0.414756 -0.464036 -0.482653 -0.385718 -0.381293 -0.439750 -0.477142 
-0.473804 -0.434479 -0.378384 -0.393297 -0.488956 -0.455954 -0.421611 -0.497049 -0.412933 -0.497049 -0.421611 -0.455954 -0.488956 -0.393297 -0.378384 -0.434479 -0.473804 
-0.470121 -0.429114 -0.376219 -0.401572 -0.493897 -0.447969 -0.429459 -0.493182 -0.416931 -0.493182 -0.429459 -0.447969 -0.493897 -0.401572 -0.376219 -0.429114 -0.470121 
-0.466081 -0.423705 -0.374861 -0.410398 -0.497400 -0.440365 -0.438015 -0.487982 -0.422384 -0.487982 -0.438015 -0.440365 -0.497400 -0.410398 -0.374861 -0.423705 -0.466081 
-0.461675 -0.418305 -0.374357 -0.419615 -0.499430 -0.433404 -0.446974 -0.481708 -0.429063 -0.481708 -0.446974 -0.433404 -0.499430 -0.419615 -0.374357 -0.418305 -0.461675 
-0.456897 -0.412971 -0.374746 -0.429053 -0.499987 -0.427324 -0.456024 -0.474651 -0.436697 -0.474651 -0.456024 -0.427324 -0.499987 -0.429053 -0.374746 -0.412971 -0.456897 
-0.451745 -0.407763 -0.376047 -0.438531 -0.499113 -0.422328 -0.464857 -0.467126 -0.444982 -0.467126 -0.464857 -0.422328 -0.499113 -0.438531 -0.376047 -0.407763 -0.451745 
-0.446223 -0.402745 -0.378266 -0.447868 -0.496889 -0.418577 -0.473177 -0.459455 -0.453599 -0.459455 -0.473177 -0.418577 -0.496889 -0.447868 -0.378266 -0.402745 -0.446223 
-0.440340 -0.397979 -0.381389 -0.456881 -0.493431 -0.416192 -0.480714 -0.451960 -0.462223 -0.451960 -0.480714 -0.416192 -0.493431 -0.456881 -0.381389 -0.397979 -0.440340 
-0.434111 -0.393530 -0.385387 -0.465395 -0.488889 -0.415241 -0.487233 -0.444946 -0.470536 -0.444946 -0.487233 -0.415241 -0.488889 -0.465395 -0.385387 -0.393530 -0.434111 
-0.427556 -0.389458 -0.390210 -0.473242 -0.483440 -0.415745 -0.492538 -0.438690 -0.478239 -0.438690 -0.492538 -0.415745 -0.483440 -0.473242 -0.390210 -0.389458 -0.427556 
-0.420704 -0.385822 -0.395790 -0.480270 -0.477286 -0.417675 -0.496485 -0.433437 -0.485063 -0.433437 -0.496485 -0.417675 -0.477286 -0.480270 -0.395790 -0.385822 -0.420704 
-0.413589 -0.382675 -0.402041 -0.486346 -0.470645 -0.420954 -0.498978 -0.429383 -0.490783 -0.429383 -0.498978 -0.420954 -0.470645 -0.486346 -0.402041 -0.382675 -0.413589 
-0.406252 -0.380066 -0.408861 -0.491356 -0.463746 -0.425459 -0.499978 -0.426675 -0.495217 -0.426675 -0.499978 -0.425459 -0.463746 -0.491356 -0.408861 -0.380066 -0.406252 
-0.398742 -0.378033 -0.416133 -0.495215 -0.456823 -0.431029 -0.499501 -0.425404 -0.498241 -0.425404 -0.499501 -0.431029 -0.456823 -0.495215 -0.416133 -0.378033 -0.398742 
-0.391116 -0.376607 -0.423726 -0.497863 -0.450106 -0.437468 -0.497617 -0.425605 -0.499786 -0.425605 -0.497617 -0.437468 -0.450106 -0.497863 -0.423726 -0.376607 -0.391116 
-0.383433 -0.375810 -0.431499 -0.499271 -0.443814 -0.444554 -0.494445 -0.427252 -0.499843 -0.427252 -0.494445 -0.444554 -0.443814 -0.499271 -0.431499 -0.375810 -0.383433 
-0.375764 -0.375651 -0.439303 -0.499440 -0.438152 -0.452047 -0.490148 -0.430265 -0.498461 -0.430265 -0.490148 -0.452047 -0.438152 -0.499440 -0.439303 -0.375651 -0.375764 
-0.368180 -0.376126 -0.446983 -0.498402 -0.433299 -0.459696 -0.484929 -0.434514 -0.495742 -0.434514 -0.484929 -0.459696 -0.433299 -0.498402 -0.446983 -0.376126 -0.368180 
-0.360760 -0.377221 -0.454384 -0.496220 -0.429408 -0.467247 -0.479018 -0.439822 -0.491840 -0.439822 -0.479018 -0.467247 -0.429408 -0.496220 -0.454384 -0.377221 -0.360760 
-0.353587 -0.378906 -0.461352 -0.492984 -0.426598 -0.474457 -0.472666 -0.445976 -0.486949 -0.445976 -0.472666 -0.474457 -0.426598 -0.492984 -0.461352 -0.378906 -0.353587 
-0.346744 -0.381139 -0.467739 -0.488811 -0.424951 -0.481096 -0.466137 -0.452733 -0.481300 -0.452733 -0.466137 -0.481096 -0.424951 -0.488811 -0.467739 -0.381139 -0.346744 
-0.340317 -0.383867 -0.473406 -0.483840 -0.424513 -0.486958 -0.459694 -0.459834 -0.475145 -0.459834 -0.459694 -0.486958 -0.424513 -0.483840 -0.473406 -0.383867 -0.340317 
-0.334393 -0.387021 -0.478226 -0.478229 -0.425287 -0.491867 -0.453591 -0.467009 -0.468752 -0.467009 -0.453591 -0.491867 -0.425287 -0.478229 -0.478226 -0.387021 -0.334393 
-0.329054 -0.390525 -0.482090 -0.472153 -0.427239 -0.495685 -0.448065 -0.473993 -0.462391 -0.473993 -0.448065 -0.495685 -0.427239 -0.472153 -0.482090 -0.390525 -0.329054 
-0.324382 -0.394291 -0.484906 -0.465793 -0.430295 -0.498312 -0.443326 -0.480532 -0.456328 -0.480532 -0.443326 -0.498312 -0.430295 -0.465793 -0.484906 -0.394291 -0.324382 
-0.320454 -0.398223 -0.486602 -0.459336 -0.434346 -0.499691 -0.439550 -0.486394 -0.450806 -0.486394 -0.439550 -0.499691 -0.434346 -0.459336 -0.486602 -0.398223 -0.320454 
-0.317340 -0.402220 -0.487132 -0.452967 -0.439251 -0.499812 -0.436874 -0.491380 -0.446047 -0.491380 -0.436874 -0.499812 -0.439251 -0.452967 -0.487132 -0.402220 -0.317340 
-0.315100 -0.406177 -0.486475 -0.446866 -0.444844 -0.498706 -0.435390 -0.495324 -0.442235 -0.495324 -0.435390 -0.498706 -0.444844 -0.446866 -0.486475 -0.406177 -0.315100 
-0.313789 -0.409986 -0.484633 -0.441200 -0.450935 -0.496449 -0.435143 -0.498108 -0.439515 -0.498108 -0.435143 -0.496449 -0.450935 -0.441200 -0.484633 -0.409986 -0.313789 
