-0.500000 -0.500000 -0.500000 -0.500000 -0.500000 -0.500000 -0.500000 -0.500000 0.500000 -0.500000 -0.500000 -0.500000 -0.500000 -0.500000 -0.500000 -0.500000 -0.500000 
-0.500000 -0.500000 -0.500000 -0.500000 -0.500000 -0.500000 -0.499994 -0.497513 0.495014 -0.497513 -0.499994 -0.500000 -0.500000 -0.500000 -0.500000 -0.500000 -0.500000 
-0.500000 -0.500000 -0.500000 -0.500000 -0.500000 -0.500000 -0.499901 -0.490207 0.480215 -0.490207 -0.499901 -0.500000 -0.500000 -0.500000 -0.500000 -0.500000 -0.500000 
-0.500000 -0.500000 -0.500000 -0.500000 -0.500000 -0.499999 -0.499508 -0.478534 0.456081 -0.478534 -0.499508 -0.499999 -0.500000 -0.500000 -0.500000 -0.500000 -0.500000 
-0.500000 -0.500000 -0.500000 -0.500000 -0.500000 -0.499993 -0.498477 -0.463218 0.423375 -0.463218 -0.498477 -0.499993 -0.500000 -0.500000 -0.500000 -0.500000 -0.500000 
-0.500000 -0.500000 -0.500000 -0.500000 -0.500000 -0.499974 -0.496382 -0.445203 0.383119 -0.445203 -0.496382 -0.499974 -0.500000 -0.500000 -0.500000 -0.500000 -0.500000 
-0.500000 -0.500000 -0.500000 -0.500000 -0.500000 -0.499925 -0.492749 -0.425593 0.336533 -0.425593 -0.492749 -0.499925 -0.500000 -0.500000 -0.500000 -0.500000 -0.500000 
-0.500000 -0.500000 -0.500000 -0.500000 -0.499999 -0.499816 -0.487096 -0.405581 0.284984 -0.405581 -0.487096 -0.499816 -0.499999 -0.500000 -0.500000 -0.500000 -0.500000 
-0.500000 -0.500000 -0.500000 -0.500000 -0.499996 -0.499603 -0.478991 -0.386369 0.229919 -0.386369 -0.478991 -0.499603 -0.499996 -0.500000 -0.500000 -0.500000 -0.500000 
-0.500000 -0.500000 -0.500000 -0.500000 -0.499990 -0.499224 -0.468092 -0.369094 0.172799 -0.369094 -0.468092 -0.499224 -0.499990 -0.500000 -0.500000 -0.500000 -0.500000 
-0.500000 -0.500000 -0.500000 -0.499999 -0.499978 -0.498598 -0.454193 -0.354750 0.115036 -0.354750 -0.454193 -0.498598 -0.499978 -0.499999 -0.500000 -0.500000 -0.500000 
-0.500000 -0.500000 -0.500000 -0.499998 -0.499955 -0.497626 -0.437257 -0.344131 0.057934 -0.344131 -0.437257 -0.497626 -0.499955 -0.499998 -0.500000 -0.500000 -0.500000 
-0.500000 -0.500000 -0.500000 -0.499995 -0.499914 -0.496191 -0.417439 -0.337780 0.002639 -0.337780 -0.417439 -0.496191 -0.499914 -0.499995 -0.500000 -0.500000 -0.500000 
-0.500000 -0.500000 -0.500000 -0.499989 -0.499846 -0.494167 -0.395093 -0.335956 -0.049899 -0.335956 -0.395093 -0.494167 -0.499846 -0.499989 -0.500000 -0.500000 -0.500000 
-0.500000 -0.500000 -0.500000 -0.499977 -0.499737 -0.491418 -0.370772 -0.338621 -0.098950 -0.338621 -0.370772 -0.491418 -0.499737 -0.499977 -0.500000 -0.500000 -0.500000 
-0.500000 -0.500000 -0.499999 -0.499957 -0.499571 -0.487810 -0.345204 -0.345452 -0.144016 -0.345452 -0.345204 -0.487810 -0.499571 -0.499957 -0.499999 -0.500000 -0.500000 
-0.500000 -0.500000 -0.499998 -0.499922 -0.499328 -0.483217 -0.319259 -0.355862 -0.184828 -0.355862 -0.319259 -0.483217 -0.499328 -0.499922 -0.499998 -0.500000 -0.500000 
-0.500000 -0.500000 -0.499997 -0.499864 -0.498984 -0.477533 -0.293908 -0.369046 -0.221333 -0.369046 -0.293908 -0.477533 -0.498984 -0.499864 -0.499997 -0.500000 -0.500000 
-0.500000 -0.500000 -0.499994 -0.499773 -0.498515 -0.470680 -0.270167 -0.384040 -0.253661 -0.384040 -0.270167 -0.470680 -0.498515 -0.499773 -0.499994 -0.500000 -0.500000 
-0.500000 -0.500000 -0.499990 -0.499635 -0.497893 -0.462612 -0.249038 -0.399786 -0.282094 -0.399786 -0.249038 -0.462612 -0.497893 -0.499635 -0.499990 -0.500000 -0.500000 
-0.500000 -0.500000 -0.499982 -0.499429 -0.497090 -0.453331 -0.231453 -0.415206 -0.307020 -0.415206 -0.231453 -0.453331 -0.497090 -0.499429 -0.499982 -0.500000 -0.500000 
-0.500000 -0.499999 -0.499969 -0.499132 -0.496081 -0.442883 -0.218214 -0.429276 -0.328891 -0.429276 -0.218214 -0.442883 -0.496081 -0.499132 -0.499969 -0.499999 -0.500000 
-0.500000 -0.499999 -0.499949 -0.498716 -0.494845 -0.431368 -0.209942 -0.441094 -0.348173 -0.441094 -0.209942 -0.431368 -0.494845 -0.498716 -0.499949 -0.499999 -0.500000 
-0.500000 -0.499998 -0.499919 -0.498147 -0.493366 -0.418936 -0.207039 -0.449941 -0.365311 -0.449941 -0.207039 -0.418936 -0.493366 -0.498147 -0.499919 -0.499998 -0.500000 
-0.500000 -0.499996 -0.499873 -0.497385 -0.491637 -0.405784 -0.209659 -0.455322 -0.380687 -0.455322 -0.209659 -0.405784 -0.491637 -0.497385 -0.499873 -0.499996 -0.500000 
-0.499999 -0.499994 -0.499807 -0.496388 -0.489661 -0.392153 -0.217698 -0.457002 -0.394597 -0.457002 -0.217698 -0.392153 -0.489661 -0.496388 -0.499807 -0.499994 -0.499999 
-0.499999 -0.499990 -0.499712 -0.495111 -0.487454 -0.378313 -0.230792 -0.455014 -0.407233 -0.455014 -0.230792 -0.378313 -0.487454 -0.495111 -0.499712 -0.499990 -0.499999 
-0.499998 -0.499984 -0.499578 -0.493504 -0.485043 -0.364560 -0.248344 -0.449651 -0.418675 -0.449651 -0.248344 -0.364560 -0.485043 -0.493504 -0.499578 -0.499984 -0.499998 
-0.499996 -0.499976 -0.499395 -0.491524 -0.482469 -0.351196 -0.269550 -0.441445 -0.428897 -0.441445 -0.269550 -0.351196 -0.482469 -0.491524 -0.499395 -0.499976 -0.499996 
-0.499994 -0.499964 -0.499149 -0.489125 -0.479786 -0.338520 -0.293449 -0.431123 -0.437782 -0.431123 -0.293449 -0.338520 -0.479786 -0.489125 -0.499149 -0.499964 -0.499994 
-0.499990 -0.499946 -0.498822 -0.486273 -0.477057 -0.326810 -0.318980 -0.419551 -0.445140 -0.419551 -0.318980 -0.326810 -0.477057 -0.486273 -0.498822 -0.499946 -0.499990 
-0.499985 -0.499922 -0.498396 -0.482940 -0.474355 -0.316313 -0.345039 -0.407677 -0.450745 -0.407677 -0.345039 -0.316313 -0.474355 -0.482940 -0.498396 -0.499922 -0.499985 
-0.499976 -0.499889 -0.497850 -0.479111 -0.471756 -0.307232 -0.370547 -0.396459 -0.454357 -0.396459 -0.370547 -0.307232 -0.471756 -0.479111 -0.497850 -0.499889 -0.499976 
-0.499964 -0.499845 -0.497160 -0.474789 -0.469335 -0.299718 -0.394508 -0.386798 -0.455767 -0.386798 -0.394508 -0.299718 -0.469335 -0.474789 -0.497160 -0.499845 -0.499964 
-0.499946 -0.499786 -0.496302 -0.469993 -0.467163 -0.293859 -0.416065 -0.379476 -0.454820 -0.379476 -0.416065 -0.293859 -0.467163 -0.469993 -0.496302 -0.499786 -0.499946 
-0.499920 -0.499710 -0.495248 -0.464764 -0.465302 -0.289686 -0.434544 -0.375101 -0.451449 -0.375101 -0.434544 -0.289686 -0.465302 -0.464764 -0.495248 -0.499710 -0.499920 
-0.499884 -0.499613 -0.493973 -0.459163 -0.463798 -0.287163 -0.449488 -0.374071 -0.445692 -0.374071 -0.449488 -0.287163 -0.463798 -0.459163 -0.493973 -0.499613 -0.499884 
-0.499835 -0.499490 -0.492449 -0.453274 -0.462677 -0.286202 -0.460675 -0.376543 -0.437709 -0.376543 -0.460675 -0.286202 -0.462677 -0.453274 -0.492449 -0.499490 -0.499835 
-0.499768 -0.499339 -0.490652 -0.447200 -0.461942 -0.286661 -0.468119 -0.382428 -0.427782 -0.382428 -0.468119 -0.286661 -0.461942 -0.447200 -0.490652 -0.499339 -0.499768 
-0.499678 -0.499154 -0.488559 -0.441065 -0.461571 -0.288360 -0.472060 -0.391396 -0.416313 -0.391396 -0.472060 -0.288360 -0.461571 -0.441065 -0.488559 -0.499154 -0.499678 
-0.499559 -0.498931 -0.486150 -0.435005 -0.461517 -0.291093 -0.472934 -0.402909 -0.403803 -0.402909 -0.472934 -0.291093 -0.461517 -0.435005 -0.486150 -0.498931 -0.499559 
-0.499404 -0.498668 -0.483410 -0.429167 -0.461706 -0.294640 -0.471334 -0.416254 -0.390834 -0.416254 -0.471334 -0.294640 -0.461706 -0.429167 -0.483410 -0.498668 -0.499404 
-0.499204 -0.498360 -0.480331 -0.423701 -0.462042 -0.298782 -0.467966 -0.430596 -0.378038 -0.430596 -0.467966 -0.298782 -0.462042 -0.423701 -0.480331 -0.498360 -0.499204 
-0.498949 -0.498006 -0.476909 -0.418755 -0.462411 -0.303313 -0.463589 -0.445040 -0.366057 -0.445040 -0.463589 -0.303313 -0.462411 -0.418755 -0.476909 -0.498006 -0.498949 
-0.498628 -0.497606 -0.473148 -0.414467 -0.462688 -0.308055 -0.458962 -0.458691 -0.355511 -0.458691 -0.458962 -0.308055 -0.462688 -0.414467 -0.473148 -0.497606 -0.498628 
-0.498229 -0.497159 -0.469059 -0.410956 -0.462744 -0.312865 -0.454789 -0.470718 -0.346962 -0.470718 -0.454789 -0.312865 -0.462744 -0.410956 -0.469059 -0.497159 -0.498229 
-0.497738 -0.496669 -0.464660 -0.408318 -0.462455 -0.317641 -0.451672 -0.480409 -0.340875 -0.480409 -0.451672 -0.317641 -0.462455 -0.408318 -0.464660 -0.496669 -0.497738 
-0.497142 -0.496141 -0.459976 -0.406618 -0.461710 -0.322328 -0.450068 -0.487220 -0.337595 -0.487220 -0.450068 -0.322328 -0.461710 -0.406618 -0.459976 -0.496141 -0.497142 
-0.496424 -0.495581 -0.455040 -0.405886 -0.460420 -0.326916 -0.450262 -0.490809 -0.337326 -0.490809 -0.450262 -0.326916 -0.460420 -0.405886 -0.455040 -0.495581 -0.496424 
-0.495571 -0.494998 -0.449887 -0.406112 -0.458526 -0.331437 -0.452355 -0.491057 -0.340117 -0.491057 -0.452355 -0.331437 -0.458526 -0.406112 -0.449887 -0.494998 -0.495571 
-0.494566 -0.494404 -0.444557 -0.407247 -0.456008 -0.335959 -0.456256 -0.488074 -0.345860 -0.488074 -0.456256 -0.335959 -0.456008 -0.407247 -0.444557 -0.494404 -0.494566 
-0.493396 -0.493813 -0.439092 -0.409202 -0.452886 -0.340573 -0.461703 -0.482186 -0.354300 -0.482186 -0.461703 -0.340573 -0.452886 -0.409202 -0.439092 -0.493813 -0.493396 
-0.492047 -0.493240 -0.433533 -0.411854 -0.449226 -0.345386 -0.468280 -0.473909 -0.365051 -0.473909 -0.468280 -0.345386 -0.449226 -0.411854 -0.433533 -0.493240 -0.492047 
-0.490508 -0.492701 -0.427920 -0.415048 -0.445134 -0.350508 -0.475461 -0.463911 -0.377618 -0.463911 -0.475461 -0.350508 -0.445134 -0.415048 -0.427920 -0.492701 -0.490508 
-0.488771 -0.492213 -0.422289 -0.418605 -0.440760 -0.356038 -0.482644 -0.452963 -0.391433 -0.452963 -0.482644 -0.356038 -0.440760 -0.418605 -0.422289 -0.492213 -0.488771 
-0.486830 -0.491794 -0.416667 -0.422336 -0.436286 -0.362054 -0.489209 -0.441882 -0.405886 -0.441882 -0.489209 -0.362054 -0.436286 -0.422336 -0.416667 -0.491794 -0.486830 
-0.484683 -0.491460 -0.411076 -0.426045 -0.431921 -0.368601 -0.494561 -0.431471 -0.420365 -0.431471 -0.494561 -0.368601 -0.431921 -0.426045 -0.411076 -0.491460 -0.484683 
-0.482332 -0.491225 -0.405527 -0.429545 -0.427888 -0.375689 -0.498177 -0.422470 -0.434292 -0.422470 -0.498177 -0.375689 -0.427888 -0.429545 -0.405527 -0.491225 -0.482332 
-0.479785 -0.491101 -0.400023 -0.432670 -0.424412 -0.383282 -0.499651 -0.415499 -0.447154 -0.415499 -0.499651 -0.383282 -0.424412 -0.432670 -0.400023 -0.491101 -0.479785 
-0.477053 -0.491095 -0.394555 -0.435282 -0.421709 -0.391303 -0.498720 -0.411017 -0.458533 -0.411017 -0.498720 -0.391303 -0.421709 -0.435282 -0.394555 -0.491095 -0.477053 
-0.474153 -0.491210 -0.389105 -0.437281 -0.419967 -0.399633 -0.495289 -0.409298 -0.468127 -0.409298 -0.495289 -0.399633 -0.419967 -0.437281 -0.389105 -0.491210 -0.474153 
-0.471107 -0.491445 -0.383648 -0.438615 -0.419342 -0.408117 -0.489440 -0.410407 -0.475759 -0.410407 -0.489440 -0.408117 -0.419342 -0.438615 -0.383648 -0.491445 -0.471107 
-0.467941 -0.491793 -0.378149 -0.439278 -0.419939 -0.416577 -0.481425 -0.414207 -0.481384 -0.414207 -0.481425 -0.416577 -0.419939 -0.439278 -0.378149 -0.491793 -0.467941 
-0.464684 -0.492238 -0.372573 -0.439320 -0.421809 -0.424814 -0.471653 -0.420369 -0.485080 -0.420369 -0.471653 -0.424814 -0.421809 -0.439320 -0.372573 -0.492238 -0.464684 
-0.461369 -0.492763 -0.366881 -0.438837 -0.424942 -0.432630 -0.460660 -0.428399 -0.487037 -0.428399 -0.460660 -0.432630 -0.424942 -0.438837 -0.366881 -0.492763 -0.461369 
-0.458029 -0.493343 -0.361038 -0.437973 -0.429267 -0.439833 -0.449074 -0.437677 -0.487530 -0.437677 -0.449074 -0.439833 -0.429267 -0.437973 -0.361038 -0.493343 -0.458029 
-0.454702 -0.493950 -0.355012 -0.436904 -0.434652 -0.446255 -0.437573 -0.447504 -0.486898 -0.447504 -0.437573 -0.446255 -0.434652 -0.436904 -0.355012 -0.493950 -0.454702 
-0.451418 -0.494550 -0.348783 -0.435836 -0.440911 -0.451758 -0.426834 -0.457154 -0.485511 -0.457154 -0.426834 -0.451758 -0.440911 -0.435836 -0.348783 -0.494550 -0.451418 
-0.448212 -0.495110 -0.342343 -0.434983 -0.447813 -0.456248 -0.417497 -0.465925 -0.483737 -0.465925 -0.417497 -0.456248 -0.447813 -0.434983 -0.342343 -0.495110 -0.448212 
-0.445109 -0.495596 -0.335698 -0.434562 -0.455097 -0.459678 -0.410112 -0.473191 -0.481913 -0.473191 -0.410112 -0.459678 -0.455097 -0.434562 -0.335698 -0.495596 -0.445109 
-0.442133 -0.495975 -0.328872 -0.434770 -0.462482 -0.462050 -0.405110 -0.478448 -0.480318 -0.478448 -0.405110 -0.462050 -0.462482 -0.434770 -0.328872 -0.495975 -0.442133 
-0.439299 -0.496219 -0.321909 -0.435774 -0.469687 -0.463419 -0.402773 -0.481344 -0.479152 -0.481344 -0.402773 -0.463419 -0.469687 -0.435774 -0.321909 -0.496219 -0.439299 
-0.436615 -0.496305 -0.314871 -0.437696 -0.476446 -0.463884 -0.403219 -0.481707 -0.478516 -0.481707 -0.403219 -0.463884 -0.476446 -0.437696 -0.314871 -0.496305 -0.436615 
-0.434081 -0.496217 -0.307841 -0.440604 -0.482522 -0.463587 -0.406392 -0.479550 -0.478413 -0.479550 -0.406392 -0.463587 -0.482522 -0.440604 -0.307841 -0.496217 -0.434081 
-0.431687 -0.495947 -0.300917 -0.444503 -0.487724 -0.462698 -0.412075 -0.475077 -0.478743 -0.475077 -0.412075 -0.462698 -0.487724 -0.444503 -0.300917 -0.495947 -0.431687 
-0.429418 -0.495500 -0.294213 -0.449334 -0.491912 -0.461407 -0.419905 -0.468654 -0.479314 -0.468654 -0.419905 -0.461407 -0.491912 -0.449334 -0.294213 -0.495500 -0.429418 
-0.427248 -0.494889 -0.287855 -0.454968 -0.495011 -0.459910 -0.429398 -0.460792 -0.479858 -0.460792 -0.429398 -0.459910 -0.495011 -0.454968 -0.287855 -0.494889 -0.427248 
-0.425146 -0.494138 -0.281974 -0.461215 -0.497008 -0.458399 -0.439989 -0.452102 -0.480055 -0.452102 -0.439989 -0.458399 -0.497008 -0.461215 -0.281974 -0.494138 -0.425146 
-0.423077 -0.493281 -0.276704 -0.467835 -0.497956 -0.457049 -0.451066 -0.443253 -0.479560 -0.443253 -0.451066 -0.457049 -0.497956 -0.467835 -0.276704 -0.493281 -0.423077 
-0.421001 -0.492361 -0.272175 -0.474542 -0.497962 -0.456004 -0.462018 -0.434922 -0.478030 -0.434922 -0.462018 -0.456004 -0.497962 -0.474542 -0.272175 -0.492361 -0.421001 
-0.418881 -0.491428 -0.268508 -0.481026 -0.497183 -0.455379 -0.472270 -0.427747 -0.475156 -0.427747 -0.472270 -0.455379 -0.497183 -0.481026 -0.268508 -0.491428 -0.418881 
-0.416680 -0.490534 -0.265810 -0.486971 -0.495809 -0.455243 -0.481326 -0.422281 -0.470692 -0.422281 -0.481326 -0.455243 -0.495809 -0.486971 -0.265810 -0.490534 -0.416680 
-0.414369 -0.489735 -0.264168 -0.492068 -0.494047 -0.455628 -0.488795 -0.418954 -0.464473 -0.418954 -0.488795 -0.455628 -0.494047 -0.492068 -0.264168 -0.489735 -0.414369 
-0.411925 -0.489083 -0.263647 -0.496038 -0.492107 -0.456521 -0.494415 -0.418043 -0.456441 -0.418043 -0.494415 -0.456521 -0.492107 -0.496038 -0.263647 -0.489083 -0.411925 
-0.409339 -0.488625 -0.264284 -0.498648 -0.490180 -0.457877 -0.498067 -0.419655 -0.446651 -0.419655 -0.498067 -0.457877 -0.490180 -0.498648 -0.264284 -0.488625 -0.409339 
-0.406612 -0.488399 -0.266089 -0.499729 -0.488424 -0.459619 -0.499773 -0.423717 -0.435274 -0.423717 -0.499773 -0.459619 -0.488424 -0.499729 -0.266089 -0.488399 -0.406612 
-0.403764 -0.488431 -0.269042 -0.499184 -0.486950 -0.461650 -0.499690 -0.429990 -0.422597 -0.429990 -0.499690 -0.461650 -0.486950 -0.499184 -0.269042 -0.488431 -0.403764 
-0.400827 -0.488733 -0.273094 -0.496998 -0.485809 -0.463865 -0.498093 -0.438079 -0.409006 -0.438079 -0.498093 -0.463865 -0.485809 -0.496998 -0.273094 -0.488733 -0.400827 
-0.397853 -0.489298 -0.278169 -0.493239 -0.484987 -0.466157 -0.495345 -0.447467 -0.394969 -0.447467 -0.495345 -0.466157 -0.484987 -0.493239 -0.278169 -0.489298 -0.397853 
-0.394909 -0.490104 -0.284165 -0.488062 -0.484404 -0.468430 -0.491869 -0.457552 -0.381011 -0.457552 -0.491869 -0.468430 -0.484404 -0.488062 -0.284165 -0.490104 -0.394909 
-0.392076 -0.491110 -0.290961 -0.481692 -0.483914 -0.470607 -0.488111 -0.467687 -0.367684 -0.467687 -0.488111 -0.470607 -0.483914 -0.481692 -0.290961 -0.491110 -0.392076 
-0.389448 -0.492259 -0.298417 -0.474424 -0.483318 -0.472635 -0.484503 -0.477226 -0.355537 -0.477226 -0.484503 -0.472635 -0.483318 -0.474424 -0.298417 -0.492259 -0.389448 
-0.387128 -0.493479 -0.306384 -0.466598 -0.482374 -0.474492 -0.481434 -0.485570 -0.345084 -0.485570 -0.481434 -0.474492 -0.482374 -0.466598 -0.306384 -0.493479 -0.387128 
-0.385222 -0.494685 -0.314704 -0.458584 -0.480817 -0.476183 -0.479214 -0.492203 -0.336775 -0.492203 -0.479214 -0.476183 -0.480817 -0.458584 -0.314704 -0.494685 -0.385222 
-0.383840 -0.495788 -0.323219 -0.450763 -0.478376 -0.477741 -0.478055 -0.496730 -0.330974 -0.496730 -0.478055 -0.477741 -0.478376 -0.450763 -0.323219 -0.495788 -0.383840 
-0.383084 -0.496693 -0.331774 -0.443501 -0.474798 -0.479222 -0.478059 -0.498902 -0.327933 -0.498902 -0.478059 -0.479222 -0.474798 -0.443501 -0.331774 -0.496693 -0.383084 
-0.383048 -0.497309 -0.340222 -0.437134 -0.469868 -0.480692 -0.479209 -0.498624 -0.327785 -0.498624 -0.479209 -0.480692 -0.469868 -0.437134 -0.340222 -0.497309 -0.383048 
-0.383812 -0.497555 -0.348426 -0.431943 -0.463431 -0.482224 -0.481372 -0.495969 -0.330535 -0.495969 -0.481372 -0.482224 -0.463431 -0.431943 -0.348426 -0.497555 -0.383812 
-0.385433 -0.497362 -0.356264 -0.428141 -0.455409 -0.483881 -0.484320 -0.491160 -0.336060 -0.491160 -0.484320 -0.483881 -0.455409 -0.428141 -0.356264 -0.497362 -0.385433 
-0.387950 -0.496678 -0.363627 -0.425865 -0.445811 -0.485707 -0.487741 -0.484558 -0.344122 -0.484558 -0.487741 -0.485707 -0.445811 -0.425865 -0.363627 -0.496678 -0.387950 
-0.391373 -0.495478 -0.370426 -0.425162 -0.434746 -0.487717 -0.491275 -0.476632 -0.354381 -0.476632 -0.491275 -0.487717 -0.434746 -0.425162 -0.370426 -0.495478 -0.391373 
