-0.500000 -0.500000 -0.500000 -0.500000 -0.500000 -0.500000 -0.500000 -0.500000 0.500000 -0.500000 -0.500000 -0.500000 -0.500000 -0.500000 -0.500000 -0.500000 -0.500000 
-0.500000 -0.500000 -0.500000 -0.500000 -0.500000 -0.500000 -0.500000 -0.497505 0.495009 -0.497505 -0.500000 -0.500000 -0.500000 -0.500000 -0.500000 -0.500000 -0.500000 
-0.500000 -0.500000 -0.500000 -0.500000 -0.500000 -0.500000 -0.500000 -0.490075 0.480150 -0.490075 -0.500000 -0.500000 -0.500000 -0.500000 -0.500000 -0.500000 -0.500000 
-0.500000 -0.500000 -0.500000 -0.500000 -0.500000 -0.500000 -0.500000 -0.477877 0.455754 -0.477877 -0.500000 -0.500000 -0.500000 -0.500000 -0.500000 -0.500000 -0.500000 
-0.500000 -0.500000 -0.500000 -0.500000 -0.500000 -0.500000 -0.500000 -0.461186 0.422371 -0.461186 -0.500000 -0.500000 -0.500000 -0.500000 -0.500000 -0.500000 -0.500000 
-0.500000 -0.500000 -0.500000 -0.500000 -0.500000 -0.500000 -0.500000 -0.440375 0.380751 -0.440375 -0.500000 -0.500000 -0.500000 -0.500000 -0.500000 -0.500000 -0.500000 
-0.500000 -0.500000 -0.500000 -0.500000 -0.500000 -0.500000 -0.500000 -0.415913 0.331827 -0.415913 -0.500000 -0.500000 -0.500000 -0.500000 -0.500000 -0.500000 -0.500000 
-0.500000 -0.500000 -0.500000 -0.500000 -0.500000 -0.500000 -0.500000 -0.388349 0.276698 -0.388349 -0.500000 -0.500000 -0.500000 -0.500000 -0.500000 -0.500000 -0.500000 
-0.500000 -0.500000 -0.500000 -0.500000 -0.500000 -0.500000 -0.500000 -0.358302 0.216603 -0.358302 -0.500000 -0.500000 -0.500000 -0.500000 -0.500000 -0.500000 -0.500000 
-0.500000 -0.500000 -0.500000 -0.500000 -0.500000 -0.500000 -0.500000 -0.326446 0.152892 -0.326446 -0.500000 -0.500000 -0.500000 -0.500000 -0.500000 -0.500000 -0.500000 
-0.500000 -0.500000 -0.500000 -0.500000 -0.500000 -0.500000 -0.500000 -0.293497 0.086994 -0.293497 -0.500000 -0.500000 -0.500000 -0.500000 -0.500000 -0.500000 -0.500000 
-0.500000 -0.500000 -0.500000 -0.500000 -0.500000 -0.500000 -0.500000 -0.260195 0.020391 -0.260195 -0.500000 -0.500000 -0.500000 -0.500000 -0.500000 -0.500000 -0.500000 
-0.500000 -0.500000 -0.500000 -0.500000 -0.500000 -0.500000 -0.500000 -0.227288 -0.045423 -0.227288 -0.500000 -0.500000 -0.500000 -0.500000 -0.500000 -0.500000 -0.500000 
-0.500000 -0.500000 -0.500000 -0.500000 -0.500000 -0.500000 -0.500000 -0.195515 -0.108969 -0.195515 -0.500000 -0.500000 -0.500000 -0.500000 -0.500000 -0.500000 -0.500000 
-0.500000 -0.500000 -0.500000 -0.500000 -0.500000 -0.500000 -0.500000 -0.165590 -0.168820 -0.165590 -0.500000 -0.500000 -0.500000 -0.500000 -0.500000 -0.500000 -0.500000 
-0.500000 -0.500000 -0.500000 -0.500000 -0.500000 -0.500000 -0.500000 -0.138184 -0.223633 -0.138184 -0.500000 -0.500000 -0.500000 -0.500000 -0.500000 -0.500000 -0.500000 
-0.500000 -0.500000 -0.500000 -0.500000 -0.500000 -0.500000 -0.500000 -0.113913 -0.272175 -0.113913 -0.500000 -0.500000 -0.500000 -0.500000 -0.500000 -0.500000 -0.500000 
-0.500000 -0.500000 -0.500000 -0.500000 -0.500000 -0.500000 -0.500000 -0.093321 -0.313357 -0.093321 -0.500000 -0.500000 -0.500000 -0.500000 -0.500000 -0.500000 -0.500000 
-0.500000 -0.500000 -0.500000 -0.500000 -0.500000 -0.500000 -0.500000 -0.076873 -0.346254 -0.076873 -0.500000 -0.500000 -0.500000 -0.500000 -0.500000 -0.500000 -0.500000 
-0.500000 -0.500000 -0.500000 -0.500000 -0.500000 -0.500000 -0.500000 -0.064936 -0.370128 -0.064936 -0.500000 -0.500000 -0.500000 -0.500000 -0.500000 -0.500000 -0.500000 
-0.500000 -0.500000 -0.500000 -0.500000 -0.500000 -0.500000 -0.500000 -0.057779 -0.384441 -0.057779 -0.500000 -0.500000 -0.500000 -0.500000 -0.500000 -0.500000 -0.500000 
-0.500000 -0.500000 -0.500000 -0.500000 -0.500000 -0.500000 -0.500000 -0.055563 -0.388873 -0.055563 -0.500000 -0.500000 -0.500000 -0.500000 -0.500000 -0.500000 -0.500000 
-0.500000 -0.500000 -0.500000 -0.500000 -0.500000 -0.500000 -0.500000 -0.058338 -0.383324 -0.058338 -0.500000 -0.500000 -0.500000 -0.500000 -0.500000 -0.500000 -0.500000 
-0.500000 -0.500000 -0.500000 -0.500000 -0.500000 -0.500000 -0.500000 -0.066040 -0.367919 -0.066040 -0.500000 -0.500000 -0.500000 -0.500000 -0.500000 -0.500000 -0.500000 
-0.500000 -0.500000 -0.500000 -0.500000 -0.500000 -0.500000 -0.500000 -0.078498 -0.343004 -0.078498 -0.500000 -0.500000 -0.500000 -0.500000 -0.500000 -0.500000 -0.500000 
-0.500000 -0.500000 -0.500000 -0.500000 -0.500000 -0.500000 -0.500000 -0.095431 -0.309137 -0.095431 -0.500000 -0.500000 -0.500000 -0.500000 -0.500000 -0.500000 -0.500000 
-0.500000 -0.500000 -0.500000 -0.500000 -0.500000 -0.500000 -0.500000 -0.116459 -0.267081 -0.116459 -0.500000 -0.500000 -0.500000 -0.500000 -0.500000 -0.500000 -0.500000 
-0.500000 -0.500000 -0.500000 -0.500000 -0.500000 -0.500000 -0.500000 -0.141111 -0.217779 -0.141111 -0.500000 -0.500000 -0.500000 -0.500000 -0.500000 -0.500000 -0.500000 
-0.500000 -0.500000 -0.500000 -0.500000 -0.500000 -0.500000 -0.500000 -0.168831 -0.162338 -0.168831 -0.500000 -0.500000 -0.500000 -0.500000 -0.500000 -0.500000 -0.500000 
-0.500000 -0.500000 -0.500000 -0.500000 -0.500000 -0.500000 -0.500000 -0.198998 -0.102004 -0.198998 -0.500000 -0.500000 -0.500000 -0.500000 -0.500000 -0.500000 -0.500000 
-0.500000 -0.500000 -0.500000 -0.500000 -0.500000 -0.500000 -0.500000 -0.230934 -0.038131 -0.230934 -0.500000 -0.500000 -0.500000 -0.500000 -0.500000 -0.500000 -0.500000 
-0.500000 -0.500000 -0.500000 -0.500000 -0.500000 -0.500000 -0.500000 -0.263923 0.027845 -0.263923 -0.500000 -0.500000 -0.500000 -0.500000 -0.500000 -0.500000 -0.500000 
-0.500000 -0.500000 -0.500000 -0.500000 -0.500000 -0.500000 -0.500000 -0.297222 0.094444 -0.297222 -0.500000 -0.500000 -0.500000 -0.500000 -0.500000 -0.500000 -0.500000 
-0.500000 -0.500000 -0.500000 -0.500000 -0.500000 -0.500000 -0.500000 -0.330085 0.160170 -0.330085 -0.500000 -0.500000 -0.500000 -0.500000 -0.500000 -0.500000 -0.500000 
-0.500000 -0.500000 -0.500000 -0.500000 -0.500000 -0.500000 -0.500000 -0.361773 0.223546 -0.361773 -0.500000 -0.500000 -0.500000 -0.500000 -0.500000 -0.500000 -0.500000 
-0.500000 -0.500000 -0.500000 -0.500000 -0.500000 -0.500000 -0.500000 -0.391575 0.283149 -0.391575 -0.500000 -0.500000 -0.500000 -0.500000 -0.500000 -0.500000 -0.500000 
-0.500000 -0.500000 -0.500000 -0.500000 -0.500000 -0.500000 -0.500000 -0.418821 0.337641 -0.418821 -0.500000 -0.500000 -0.500000 -0.500000 -0.500000 -0.500000 -0.500000 
-0.500000 -0.500000 -0.500000 -0.500000 -0.500000 -0.500000 -0.500000 -0.442899 0.385798 -0.442899 -0.500000 -0.500000 -0.500000 -0.500000 -0.500000 -0.500000 -0.500000 
-0.500000 -0.500000 -0.500000 -0.500000 -0.500000 -0.500000 -0.500000 -0.463270 0.426539 -0.463270 -0.500000 -0.500000 -0.500000 -0.500000 -0.500000 -0.500000 -0.500000 
-0.500000 -0.500000 -0.500000 -0.500000 -0.500000 -0.500000 -0.500000 -0.479474 0.458948 -0.479474 -0.500000 -0.500000 -0.500000 -0.500000 -0.500000 -0.500000 -0.500000 
-0.500000 -0.500000 -0.500000 -0.500000 -0.500000 -0.500000 -0.500000 -0.491149 0.482298 -0.491149 -0.500000 -0.500000 -0.500000 -0.500000 -0.500000 -0.500000 -0.500000 
-0.500000 -0.500000 -0.500000 -0.500000 -0.500000 -0.500000 -0.500000 -0.498032 0.496064 -0.498032 -0.500000 -0.500000 -0.500000 -0.500000 -0.500000 -0.500000 -0.500000 
-0.500000 -0.500000 -0.500000 -0.500000 -0.500000 -0.500000 -0.500000 -0.499969 0.499937 -0.499969 -0.500000 -0.500000 -0.500000 -0.500000 -0.500000 -0.500000 -0.500000 
-0.500000 -0.500000 -0.500000 -0.500000 -0.500000 -0.500000 -0.500000 -0.496915 0.493831 -0.496915 -0.500000 -0.500000 -0.500000 -0.500000 -0.500000 -0.500000 -0.500000 
-0.500000 -0.500000 -0.500000 -0.500000 -0.500000 -0.500000 -0.500000 -0.488941 0.477881 -0.488941 -0.500000 -0.500000 -0.500000 -0.500000 -0.500000 -0.500000 -0.500000 
-0.500000 -0.500000 -0.500000 -0.500000 -0.500000 -0.500000 -0.500000 -0.476224 0.452447 -0.476224 -0.500000 -0.500000 -0.500000 -0.500000 -0.500000 -0.500000 -0.500000 
-0.500000 -0.500000 -0.500000 -0.500000 -0.500000 -0.500000 -0.500000 -0.459050 0.418100 -0.459050 -0.500000 -0.500000 -0.500000 -0.500000 -0.500000 -0.500000 -0.500000 
-0.500000 -0.500000 -0.500000 -0.500000 -0.500000 -0.500000 -0.500000 -0.437805 0.375611 -0.437805 -0.500000 -0.500000 -0.500000 -0.500000 -0.500000 -0.500000 -0.500000 
-0.500000 -0.500000 -0.500000 -0.500000 -0.500000 -0.500000 -0.500000 -0.412967 0.325934 -0.412967 -0.500000 -0.500000 -0.500000 -0.500000 -0.500000 -0.500000 -0.500000 
-0.500000 -0.500000 -0.500000 -0.500000 -0.500000 -0.500000 -0.500000 -0.385092 0.270185 -0.385092 -0.500000 -0.500000 -0.500000 -0.500000 -0.500000 -0.500000 -0.500000 
-0.500000 -0.500000 -0.500000 -0.500000 -0.500000 -0.500000 -0.500000 -0.354808 0.209616 -0.354808 -0.500000 -0.500000 -0.500000 -0.500000 -0.500000 -0.500000 -0.500000 
-0.500000 -0.500000 -0.500000 -0.500000 -0.500000 -0.500000 -0.500000 -0.322793 0.145587 -0.322793 -0.500000 -0.500000 -0.500000 -0.500000 -0.500000 -0.500000 -0.500000 
-0.500000 -0.500000 -0.500000 -0.500000 -0.500000 -0.500000 -0.500000 -0.289768 0.079536 -0.289768 -0.500000 -0.500000 -0.500000 -0.500000 -0.500000 -0.500000 -0.500000 
-0.500000 -0.500000 -0.500000 -0.500000 -0.500000 -0.500000 -0.500000 -0.256473 0.012946 -0.256473 -0.500000 -0.500000 -0.500000 -0.500000 -0.500000 -0.500000 -0.500000 
-0.500000 -0.500000 -0.500000 -0.500000 -0.500000 -0.500000 -0.500000 -0.223657 -0.052686 -0.223657 -0.500000 -0.500000 -0.500000 -0.500000 -0.500000 -0.500000 -0.500000 
-0.500000 -0.500000 -0.500000 -0.500000 -0.500000 -0.500000 -0.500000 -0.192056 -0.115888 -0.192056 -0.500000 -0.500000 -0.500000 -0.500000 -0.500000 -0.500000 -0.500000 
-0.500000 -0.500000 -0.500000 -0.500000 -0.500000 -0.500000 -0.500000 -0.162380 -0.175239 -0.162380 -0.500000 -0.500000 -0.500000 -0.500000 -0.500000 -0.500000 -0.500000 
-0.500000 -0.500000 -0.500000 -0.500000 -0.500000 -0.500000 -0.500000 -0.135296 -0.229408 -0.135296 -0.500000 -0.500000 -0.500000 -0.500000 -0.500000 -0.500000 -0.500000 
-0.500000 -0.500000 -0.500000 -0.500000 -0.500000 -0.500000 -0.500000 -0.111412 -0.277176 -0.111412 -0.500000 -0.500000 -0.500000 -0.500000 -0.500000 -0.500000 -0.500000 
-0.500000 -0.500000 -0.500000 -0.500000 -0.500000 -0.500000 -0.500000 -0.091264 -0.317472 -0.091264 -0.500000 -0.500000 -0.500000 -0.500000 -0.500000 -0.500000 -0.500000 
-0.500000 -0.500000 -0.500000 -0.500000 -0.500000 -0.500000 -0.500000 -0.075304 -0.349391 -0.075304 -0.500000 -0.500000 -0.500000 -0.500000 -0.500000 -0.500000 -0.500000 
-0.500000 -0.500000 -0.500000 -0.500000 -0.500000 -0.500000 -0.500000 -0.063892 -0.372216 -0.063892 -0.500000 -0.500000 -0.500000 -0.500000 -0.500000 -0.500000 -0.500000 
-0.500000 -0.500000 -0.500000 -0.500000 -0.500000 -0.500000 -0.500000 -0.057283 -0.385433 -0.057283 -0.500000 -0.500000 -0.500000 -0.500000 -0.500000 -0.500000 -0.500000 
-0.500000 -0.500000 -0.500000 -0.500000 -0.500000 -0.500000 -0.500000 -0.055626 -0.388748 -0.055626 -0.500000 -0.500000 -0.500000 -0.500000 -0.500000 -0.500000 -0.500000 
-0.500000 -0.500000 -0.500000 -0.500000 -0.500000 -0.500000 -0.500000 -0.058958 -0.382083 -0.058958 -0.500000 -0.500000 -0.500000 -0.500000 -0.500000 -0.500000 -0.500000 
-0.500000 -0.500000 -0.500000 -0.500000 -0.500000 -0.500000 -0.500000 -0.067204 -0.365591 -0.067204 -0.500000 -0.500000 -0.500000 -0.500000 -0.500000 -0.500000 -0.500000 
-0.500000 -0.500000 -0.500000 -0.500000 -0.500000 -0.500000 -0.500000 -0.080180 -0.339641 -0.080180 -0.500000 -0.500000 -0.500000 -0.500000 -0.500000 -0.500000 -0.500000 
-0.500000 -0.500000 -0.500000 -0.500000 -0.500000 -0.500000 -0.500000 -0.097593 -0.304815 -0.097593 -0.500000 -0.500000 -0.500000 -0.500000 -0.500000 -0.500000 -0.500000 
-0.500000 -0.500000 -0.500000 -0.500000 -0.500000 -0.500000 -0.500000 -0.119052 -0.261896 -0.119052 -0.500000 -0.500000 -0.500000 -0.500000 -0.500000 -0.500000 -0.500000 
-0.500000 -0.500000 -0.500000 -0.500000 -0.500000 -0.500000 -0.500000 -0.144076 -0.211848 -0.144076 -0.500000 -0.500000 -0.500000 -0.500000 -0.500000 -0.500000 -0.500000 
-0.500000 -0.500000 -0.500000 -0.500000 -0.500000 -0.500000 -0.500000 -0.172103 -0.155794 -0.172103 -0.500000 -0.500000 -0.500000 -0.500000 -0.500000 -0.500000 -0.500000 
-0.500000 -0.500000 -0.500000 -0.500000 -0.500000 -0.500000 -0.500000 -0.202503 -0.094994 -0.202503 -0.500000 -0.500000 -0.500000 -0.500000 -0.500000 -0.500000 -0.500000 
-0.500000 -0.500000 -0.500000 -0.500000 -0.500000 -0.500000 -0.500000 -0.234593 -0.030813 -0.234593 -0.500000 -0.500000 -0.500000 -0.500000 -0.500000 -0.500000 -0.500000 
-0.500000 -0.500000 -0.500000 -0.500000 -0.500000 -0.500000 -0.500000 -0.267654 0.035307 -0.267654 -0.500000 -0.500000 -0.500000 -0.500000 -0.500000 -0.500000 -0.500000 
-0.500000 -0.500000 -0.500000 -0.500000 -0.500000 -0.500000 -0.500000 -0.300941 0.101883 -0.300941 -0.500000 -0.500000 -0.500000 -0.500000 -0.500000 -0.500000 -0.500000 
-0.500000 -0.500000 -0.500000 -0.500000 -0.500000 -0.500000 -0.500000 -0.333709 0.167418 -0.333709 -0.500000 -0.500000 -0.500000 -0.500000 -0.500000 -0.500000 -0.500000 
-0.500000 -0.500000 -0.500000 -0.500000 -0.500000 -0.500000 -0.500000 -0.365220 0.230440 -0.365220 -0.500000 -0.500000 -0.500000 -0.500000 -0.500000 -0.500000 -0.500000 
-0.500000 -0.500000 -0.500000 -0.500000 -0.500000 -0.500000 -0.500000 -0.394768 0.289536 -0.394768 -0.500000 -0.500000 -0.500000 -0.500000 -0.500000 -0.500000 -0.500000 
-0.500000 -0.500000 -0.500000 -0.500000 -0.500000 -0.500000 -0.500000 -0.421688 0.343376 -0.421688 -0.500000 -0.500000 -0.500000 -0.500000 -0.500000 -0.500000 -0.500000 
-0.500000 -0.500000 -0.500000 -0.500000 -0.500000 -0.500000 -0.500000 -0.445376 0.390753 -0.445376 -0.500000 -0.500000 -0.500000 -0.500000 -0.500000 -0.500000 -0.500000 
-0.500000 -0.500000 -0.500000 -0.500000 -0.500000 -0.500000 -0.500000 -0.465301 0.430602 -0.465301 -0.500000 -0.500000 -0.500000 -0.500000 -0.500000 -0.500000 -0.500000 
-0.500000 -0.500000 -0.500000 -0.500000 -0.500000 -0.500000 -0.500000 -0.481014 0.462028 -0.481014 -0.500000 -0.500000 -0.500000 -0.500000 -0.500000 -0.500000 -0.500000 
-0.500000 -0.500000 -0.500000 -0.500000 -0.500000 -0.500000 -0.500000 -0.492163 0.484326 -0.492163 -0.500000 -0.500000 -0.500000 -0.500000 -0.500000 -0.500000 -0.500000 
-0.500000 -0.500000 -0.500000 -0.500000 -0.500000 -0.500000 -0.500000 -0.498497 0.496994 -0.498497 -0.500000 -0.500000 -0.500000 -0.500000 -0.500000 -0.500000 -0.500000 
-0.500000 -0.500000 -0.500000 -0.500000 -0.500000 -0.500000 -0.500000 -0.499874 0.499749 -0.499874 -0.500000 -0.500000 -0.500000 -0.500000 -0.500000 -0.500000 -0.500000 
-0.500000 -0.500000 -0.500000 -0.500000 -0.500000 -0.500000 -0.500000 -0.496264 0.492528 -0.496264 -0.500000 -0.500000 -0.500000 -0.500000 -0.500000 -0.500000 -0.500000 
-0.500000 -0.500000 -0.500000 -0.500000 -0.500000 -0.500000 -0.500000 -0.487747 0.475493 -0.487747 -0.500000 -0.500000 -0.500000 -0.500000 -0.500000 -0.500000 -0.500000 
-0.500000 -0.500000 -0.500000 -0.500000 -0.500000 -0.500000 -0.500000 -0.474514 0.449028 -0.474514 -0.500000 -0.500000 -0.500000 -0.500000 -0.500000 -0.500000 -0.500000 
-0.500000 -0.500000 -0.500000 -0.500000 -0.500000 -0.500000 -0.500000 -0.456863 0.413726 -0.456863 -0.500000 -0.500000 -0.500000 -0.500000 -0.500000 -0.500000 -0.500000 
-0.500000 -0.500000 -0.500000 -0.500000 -0.500000 -0.500000 -0.500000 -0.435190 0.370381 -0.435190 -0.500000 -0.500000 -0.500000 -0.500000 -0.500000 -0.500000 -0.500000 
-0.500000 -0.500000 -0.500000 -0.500000 -0.500000 -0.500000 -0.500000 -0.409982 0.319965 -0.409982 -0.500000 -0.500000 -0.500000 -0.500000 -0.500000 -0.500000 -0.500000 
-0.500000 -0.500000 -0.500000 -0.500000 -0.500000 -0.500000 -0.500000 -0.381805 0.263611 -0.381805 -0.500000 -0.500000 -0.500000 -0.500000 -0.500000 -0.500000 -0.500000 
-0.500000 -0.500000 -0.500000 -0.500000 -0.500000 -0.500000 -0.500000 -0.351292 0.202584 -0.351292 -0.500000 -0.500000 -0.500000 -0.500000 -0.500000 -0.500000 -0.500000 
-0.500000 -0.500000 -0.500000 -0.500000 -0.500000 -0.500000 -0.500000 -0.319128 0.138256 -0.319128 -0.500000 -0.500000 -0.500000 -0.500000 -0.500000 -0.500000 -0.500000 
-0.500000 -0.500000 -0.500000 -0.500000 -0.500000 -0.500000 -0.500000 -0.286035 0.072070 -0.286035 -0.500000 -0.500000 -0.500000 -0.500000 -0.500000 -0.500000 -0.500000 
-0.500000 -0.500000 -0.500000 -0.500000 -0.500000 -0.500000 -0.500000 -0.252757 0.005514 -0.252757 -0.500000 -0.500000 -0.500000 -0.500000 -0.500000 -0.500000 -0.500000 
-0.500000 -0.500000 -0.500000 -0.500000 -0.500000 -0.500000 -0.500000 -0.220041 -0.059919 -0.220041 -0.500000 -0.500000 -0.500000 -0.500000 -0.500000 -0.500000 -0.500000 
-0.500000 -0.500000 -0.500000 -0.500000 -0.500000 -0.500000 -0.500000 -0.188621 -0.122758 -0.188621 -0.500000 -0.500000 -0.500000 -0.500000 -0.500000 -0.500000 -0.500000 
-0.500000 -0.500000 -0.500000 -0.500000 -0.500000 -0.500000 -0.500000 -0.159203 -0.181593 -0.159203 -0.500000 -0.500000 -0.500000 -0.500000 -0.500000 -0.500000 -0.500000 
-0.500000 -0.500000 -0.500000 -0.500000 -0.500000 -0.500000 -0.500000 -0.132449 -0.235102 -0.132449 -0.500000 -0.500000 -0.500000 -0.500000 -0.500000 -0.500000 -0.500000 
-0.500000 -0.500000 -0.500000 -0.500000 -0.500000 -0.500000 -0.500000 -0.108958 -0.282084 -0.108958 -0.500000 -0.500000 -0.500000 -0.500000 -0.500000 -0.500000 -0.500000 
