  -6.5066482305669853e+00
  -4.6722671327248433e+00
  -4.4256045153251398e+00
  -3.7256269925171468e+00
  -3.3663221587732002e+00
  -3.2832474590869443e+00
   1.2314060723016045e+00
  -1.9890252743489432e+00
  -7.9806844909662045e-01
   3.7550809168118676e-01
  -1.2335951349416114e+00
   2.7460936097826727e-01
  -1.0122678091046136e+00
   5.8366335599508046e-01
  -7.7807910343634656e-01
  -1.7128925186364402e-01
  -2.1986955176907630e+00
  -2.5485235532527213e+00
  -1.0299862396101498e+00
  -6.1316168251848691e-01
  -1.2617183180493021e+00
  -2.7074831975361153e+00
  -1.6081929068389751e+00
  -5.1251581948647962e-01
  -1.6474154407795571e+00
  -1.7292832155660585e+00
  -1.4541087645531627e+00
  -8.5648745165678830e-01
  -1.2000041045099243e+00
  -1.8464942344765727e+00
  -1.8082670334738682e+00
  -6.6150165231231117e-01
  -9.7823013568214434e-01
  -1.2456804471694656e+00
  -2.0842410757313159e+00
  -3.3546769693812895e-01
  -2.2243299422919441e-01
  -1.9224941325087008e+00
  -1.5514017459959140e+00
  -7.2853306525655592e-01
  -1.6682560096979232e-01
  -6.6389478114344413e-01
  -1.7044262471605813e+00
  -1.5873389640092379e+00
  -8.1023537547585811e-01
  -2.1577417338971519e-01
  -1.3514565204039442e+00
  -1.6873646157330142e+00
  -8.8384090795078474e-01
  -5.2169382197224734e-01
  -1.1401616362353859e+00
  -1.8787671114831843e+00
  -1.0420622661886290e+00
  -6.7379743048510088e-01
  -1.1832103225893260e+00
  -1.0741907186917508e+00
  -1.2041949581539775e+00
  -8.8886370978103446e-01
  -1.5069164727943183e+00
  -9.4247376798137761e-01
  -1.1671967307329758e+00
  -7.2328298354459708e-01
  -1.1799778428392158e+00
  -9.4308185784051479e-01
  -1.7110226008347293e+00
  -1.2223403138876867e+00
  -7.5268896608641711e-01
  -1.9740857534145801e+00
  -1.7434825625407531e+00
  -7.6854598026602094e-01
  -1.8724034544476751e+00
  -1.3321638315992941e+00
  -5.7036376327374094e-01
  -1.0183953628761022e+00
  -9.8924455112567788e-01
  -1.2652484861760975e+00
  -4.1696122696907612e-01
  -7.9094895933059362e-01
  -1.5082716044483626e+00
  -9.0069113695407710e-01
  -6.3386233002409786e-01
  -1.9224123049580533e+00
  -1.9177141167653278e+00
  -2.1359066374760340e+00
  -1.7121175748437574e+00
  -1.6515096325430589e+00
  -2.7137997718580342e-01
  -7.0258404485138648e-01
  -1.6707242492215286e+00
  -4.8785679698237272e-01
  -8.4502496294321372e-01
  -1.1924309037353911e+00
  -2.0338535456181397e+00
  -1.8084267954782458e+00
  -1.9072540151620059e+00
  -1.6538806918860411e+00
  -8.9499045970130187e-01
  -6.9928008436483202e-01
  -8.8971407792454782e-01
  -1.3364301181248333e+00
  -9.1482297440666538e-01
  -3.4505511877540090e-01
  -1.1925038243205794e+00
  -1.2972694685218946e+00
  -7.1397455160028100e-01
  -6.7733148380504793e-01
  -8.2708971618296678e-01
  -1.5414396552046494e+00
  -6.8414846231018744e-01
  -1.0619045161657616e+00
  -2.5935175173634075e+00
  -1.3241114800578970e+00
  -1.4184418440935447e+00
  -1.5647246184875485e+00
  -1.2428099235398176e+00
  -6.1322666622747435e-01
  -1.1673076031210239e+00
  -1.3068700011061221e+00
  -6.8267806873100578e-01
  -4.8740913675394304e-01
  -1.5096497952286452e+00
  -1.0798923131794340e+00
  -3.6301275368908098e-01
  -7.9560589941659943e-01
  -1.5875468453141712e+00
  -8.5630468512208846e-01
  -5.7659057204576825e-01
  -9.6374234842609419e-01
  -1.5472860908809871e+00
  -1.1727593099134295e+00
  -1.3971757897876858e+00
  -1.8761670026410029e+00
  -1.1509887870632809e+00
  -4.3807074497616622e-01
  -1.7891730602155194e+00
  -1.0643239108976741e+00
  -6.1415504632337325e-01
  -2.6716748140639153e+00
  -2.1770420073086254e+00
  -1.4875604029707550e+00
  -1.5672043414886037e+00
  -4.1962712528944590e-01
  -7.6811524940882436e-01
  -1.6935358302023475e+00
  -9.8833151058075175e-01
  -2.2495149375169952e+00
  -1.2387417763717243e+00
  -9.9889534789339496e-01
  -1.3285313954017404e+00
  -4.4714839318862487e-01
  -4.1288869558514418e-01
  -3.8787168587200227e-01
  -1.3249912014654175e+00
  -6.1800466354587413e-01
  -3.6735678846017761e-01
  -1.5796470500091360e+00
  -1.2561262809910509e+00
  -1.7379376046833548e+00
  -2.2525707967991839e+00
  -1.6582490521030087e+00
  -5.1904581254973747e-01
  -1.1374898116159897e+00
  -8.8449692607196351e-01
  -7.5857284535873182e-01
  -7.5739524120220281e-01
  -1.2818769169785762e+00
  -9.9755439455439676e-01
  -1.4252040573800788e+00
  -1.0372903652118597e+00
  -9.9206908209312339e-01
  -8.8387357204265571e-01
  -1.2661736056652848e+00
  -1.1438320871299432e+00
  -5.4059617969141849e-01
  -1.2312506121349904e+00
  -1.0879538511182096e+00
  -6.3807267154534419e-01
  -1.4083822589425903e+00
  -1.4375067185864370e+00
  -9.5124250339787408e-01
  -2.0383758818335087e+00
  -1.3023888106960715e+00
  -1.5833585159488743e+00
  -2.0052417105356239e+00
  -1.0363164058356495e+00
  -2.4074612009645002e+00
  -6.6825607998926073e-01
  -6.8628303762415455e-01
  -1.1272028496050650e+00
  -7.4826886686414473e-01
  -4.8660555280704765e-01
  -1.0130887764626082e+00
  -1.6555653152191978e+00
  -1.3992859112633760e+00
  -3.0718705791770131e+00
  -1.2614879238160772e+00
  -1.1416595994241194e+00
  -1.5095403261430158e+00
  -2.9411904132289873e-01
  -1.1036124878779436e+00
