  -5.5877760458994441e+00
  -4.5485917390980992e+00
  -4.2970083858358228e+00
  -4.1707289380975281e+00
  -3.5921170582613375e+00
  -3.3740185604569892e+00
  -1.6603928119543734e+00
   1.5031669267797723e+00
  -1.5513551487985857e+00
   1.0756499697136279e+00
  -1.0982805111086291e+00
  -5.7886468802156377e-01
  -1.2132544525178559e+00
  -3.0458883430518138e+00
  -1.4591444779292804e+00
  -1.0070911666222957e+00
  -2.5819312811515505e-01
  -1.2434234681293548e+00
  -1.7872507045447579e+00
  -2.2205431826600988e+00
  -1.2239439009363546e+00
  -3.5225517588179217e-01
  -1.1968544446470351e+00
  -1.9622427131250233e+00
  -1.8055810064291267e+00
  -6.7589718306924573e-01
   6.1824799389173027e-02
  -6.3492870776081289e-01
  -2.0072066377898308e+00
  -1.6349725742393018e+00
  -8.3647863172006420e-01
  -6.7846220425871673e-01
  -1.1403565309030559e+00
  -2.0945152495135337e+00
  -1.7366201074173044e+00
  -6.6768477140877269e-01
  -1.0430689300012230e+00
  -1.8953153351401786e+00
  -1.4886410805371135e+00
  -1.2557474124256485e-01
  -3.3681682151949299e-01
  -8.7201379666480838e-01
  -1.9571163811875951e+00
  -1.3069391489241133e+00
  -4.6011581044529903e-01
  -7.9507849767491290e-01
  -8.0783388164457004e-01
  -6.8515900055863199e-01
  -1.9511302167349214e+00
  -1.0313327381171333e+00
  -3.8691888750557268e-01
  -8.4705130318933519e-01
  -1.5777394480269178e+00
  -1.7107984799922702e+00
  -5.4535741005398120e-01
  -1.0796856923542106e+00
  -8.7923888327516075e-01
  -1.6573563373515390e+00
  -8.2006519248711696e-01
  -8.9720271295820442e-01
  -9.5928190158927618e-01
  -1.7499332268336452e+00
  -8.0626675826110106e-01
  -1.3553851131152632e+00
  -7.0115935816402819e-01
  -9.1431910536022021e-01
  -1.2535248552507705e+00
  -1.2049104630899226e+00
  -7.6199057903658263e-01
  -1.7273483000234835e+00
  -1.9986585395913701e+00
  -1.9575655492657502e+00
  -1.9169015488827870e+00
  -1.6318591178240383e+00
  -7.8631709972877895e-01
  -2.5228542831733747e-01
  -1.6199862529753077e+00
  -9.0014472063539153e-01
  -6.0821549486203919e-01
  -4.4906602561863257e-01
  -1.2463891343803000e+00
  -1.6242469486981355e+00
  -4.6443797287360788e-01
  -6.8055155668556300e-01
  -1.1072657377135202e+00
  -1.9764034696510209e+00
  -6.5328188308339818e-01
  -1.6868340659738441e+00
  -2.5231732848122164e+00
  -1.1111617727058292e+00
  -1.2784379171141045e+00
  -1.4056915825680818e+00
  -9.4806898122578298e-01
  -3.1247302121418402e-01
  -7.2975419784477802e-01
  -1.4222246302813211e+00
  -1.1616773738662602e+00
   6.5791175851721617e-02
  -1.1647281814251143e+00
  -1.8521796058292637e+00
  -2.8879394905201689e-01
  -1.1473609029575060e+00
  -2.1539749935942298e+00
  -1.6592145744092450e+00
  -1.6823404833534266e+00
  -1.2930754405670533e+00
  -1.0043192588366723e+00
  -5.4970111262473376e-01
  -9.5289370846456223e-01
  -1.0023496589850529e+00
  -1.6892882526864945e+00
  -1.2355909296624907e+00
  -1.8950436889992857e+00
  -1.6182891541676054e+00
  -1.0882070423387953e+00
  -7.1157037028545000e-01
  -1.6570457622626698e+00
  -9.9047705388550444e-01
  -8.2241125459409448e-01
  -1.1796917199577897e+00
  -1.2789008418476477e+00
  -5.7925187366407849e-01
  -9.3182701904356890e-01
  -2.1264674763265243e+00
  -1.5413592519902493e+00
  -2.7012105963846538e+00
  -1.5272981356455213e+00
  -1.6045783469486893e-01
  -1.4774399661238384e+00
  -1.3419573104494795e+00
  -4.6264655812812511e-01
  -1.3181356602248653e+00
  -2.1922290680385830e+00
  -8.2457454813969078e-01
  -1.4716255965048646e+00
  -1.4562711806681492e+00
  -3.4550758498445683e-01
  -1.4931110149386495e+00
  -8.8729942860359523e-01
  -7.1661784170782561e-01
  -9.7238610873674569e-01
  -1.0767023370449578e+00
  -7.5742976056430122e-01
  -7.3364218614810728e-01
  -7.9167052697451878e-01
  -6.6170754159259393e-01
  -4.4855965988151830e-01
  -1.1566590871526252e+00
  -8.9443069325217073e-01
  -3.7709823419891303e-01
  -1.6274975610732505e+00
  -2.3329307648523834e+00
  -1.4389004333806270e+00
  -1.9930049276368675e+00
  -7.7172208057159586e-01
  -3.1752622164526006e-01
  -1.1550534793782627e+00
  -1.3378286172294263e+00
  -5.2420558394066386e-01
  -1.2582614287776537e+00
  -9.7223572026060667e-01
  -4.7815617271327171e-01
  -1.6330134309317443e+00
  -1.3390029775327295e+00
  -7.4174452463703200e-01
  -1.9933881279751895e+00
  -8.8620236315559808e-01
  -1.0006245710649890e+00
  -1.5890239012661334e+00
  -3.0705253365857366e-01
  -5.7747799084548779e-01
  -1.4545710007275927e+00
  -1.4248806264141956e+00
  -2.2379249516947510e+00
  -1.6913842212476020e+00
  -1.2961958203187884e+00
  -7.9598635997323652e-01
  -2.0902153869036968e+00
  -1.9025606971247839e+00
  -1.4367789869532579e+00
  -1.5877756858151533e+00
  -9.8354020465830860e-01
  -1.5585208697244921e+00
  -1.2476569901142598e+00
  -1.1104372737821095e+00
  -2.0814938920600166e+00
  -5.2532214186896797e-01
  -7.0104824711834768e-01
  -1.2193727485829742e+00
  -4.4975119726722018e-01
  -2.8849739866743423e-01
  -1.4973516580604500e+00
  -1.6878620150826666e+00
  -1.7843847258295138e+00
  -1.8589158912166581e+00
  -6.5009484875267898e-01
  -1.6272430496837145e+00
  -8.4833242955871035e-01
  -1.6424844183609120e+00
  -1.4263523586019629e+00
