  -5.6063716315977441e+00
  -4.9429152098459008e+00
  -4.4549916368244791e+00
  -3.5506018576416434e+00
  -3.4912462560613644e+00
  -4.0178343791450297e+00
  -3.0546238832057018e+00
   1.4780721804782515e-01
  -1.9594855021890564e-01
  -1.2470969046180744e+00
   1.8651766497914801e-01
  -1.4437426845729153e+00
   9.9585267453564635e-02
  -2.7365077409424905e+00
  -2.7561460718952095e+00
   1.1805843753090847e-01
  -5.6136820404564747e-01
  -5.2490728145783361e-01
  -1.6420725177098952e+00
  -2.5169745039860087e+00
  -9.3909954136228235e-01
  -2.7189074342201891e-01
  -5.0383697950635120e-01
  -2.7480541687613234e+00
  -1.3772793940137782e+00
  -7.7201441129769133e-01
  -3.2785869840631837e-01
  -1.3906894842344730e+00
  -2.3638346140805488e+00
  -9.8366856067583297e-01
  -3.1045097880663247e-01
  -1.1690742831661933e+00
  -1.8621288914319145e+00
  -1.6425353363538067e+00
  -6.4279532107089488e-01
  -7.7932111610473909e-01
  -6.6713035190133996e-01
  -1.6645065147483951e+00
  -1.9124249829704820e+00
  -4.1518942544494097e-01
  -3.0141976788453584e-01
  -5.9885576476008551e-01
  -1.0203247435468534e+00
  -1.8194341666100595e+00
  -9.2275702341775534e-01
  -2.6905131787509479e-01
  -1.4798786776864898e+00
  -1.6847929863445990e+00
  -8.9748607824717663e-01
  -4.7043486682756130e-01
  -5.7776379593373262e-01
  -1.8123487137530261e+00
  -1.3499500986170481e+00
  -6.5710083660217034e-01
  -1.0227814586832198e+00
  -1.9545662901374994e+00
  -3.8688312473931324e-01
  -1.7603714256064734e-01
  -9.8806541402593784e-01
  -1.8701411018503764e+00
  -7.4053213609159629e-01
  -8.7798601393283215e-01
  -9.7093228719654967e-01
  -1.5822351217589059e+00
  -9.9077009055173748e-01
  -5.2584553153774283e-01
  -1.6005108432369795e+00
  -1.3799161330797796e+00
  -7.3874745375698170e-01
  -1.3455139891557455e+00
  -2.6305722004716072e+00
  -1.6032808294387872e+00
  -1.8432618255594895e+00
  -1.4254316381140619e+00
  -6.5734550533493341e-01
  -5.7779074456335167e-01
  -1.0144946225558480e+00
  -1.3178866654797325e+00
  -5.2293020607948804e-01
  -6.5158180985007286e-01
  -1.4889966185801549e+00
  -1.0022288155673587e+00
  -6.3930967649372739e-01
  -8.4790809640936227e-01
  -1.5763796894882520e+00
  -1.1629204620792364e+00
  -5.3305572414316327e-01
  -1.3007738131233257e+00
  -2.5888872364299740e+00
  -1.2236561578502452e+00
  -1.9965564804544456e+00
  -1.1976878329339125e+00
  -5.6655437150986565e-01
  -6.0593326649396784e-01
  -1.3310209349306572e+00
  -1.1336751065874080e+00
  -8.0281505945772491e-01
  -8.9719340909087042e-01
  -1.5477002515808089e+00
  -1.4384146837414906e+00
  -2.0528654957769512e+00
  -1.8173265779319676e+00
  -1.0976193518494719e+00
  -5.4597556577637851e-01
  -9.8467011156643158e-01
  -1.5429703258841476e+00
  -4.2968010355002434e-01
  -1.0587499510600156e+00
  -1.0242392458479141e+00
  -1.1805931104284906e+00
  -4.3844309250707225e-01
  -1.5965404120533655e+00
  -1.1135259114716323e+00
  -1.0937041175223676e+00
  -2.2308038996761104e+00
  -1.2918980167543952e+00
  -1.5557192626932421e+00
  -1.4330705857375368e+00
  -9.1936941480326873e-01
  -7.8830752559276485e-01
  -1.7593807594343773e+00
  -4.0153505043592919e-01
  -1.1341440051689913e+00
  -1.9255538399585428e+00
  -2.3548887948457109e+00
  -1.9600414252708274e+00
  -1.6492578779985678e+00
  -6.9773905527670466e-01
  -5.8343754130932590e-01
  -1.6463712783224924e+00
  -7.5409436329015034e-01
  -6.8691991096768723e-01
  -1.4438872022953002e+00
  -9.6346919139169462e-01
  -3.7339354044504036e-01
  -1.3152484222047751e+00
  -1.8156326924295276e+00
  -1.2819108364903788e+00
  -1.6044165126907759e+00
  -1.1196322834181165e+00
  -7.6283581052806804e-01
  -1.0716916453185592e+00
  -9.8385553832336425e-01
  -5.1211480395966114e-01
  -9.8133215093518600e-01
  -1.3069745573543909e+00
  -6.0326115032294791e-01
  -5.0773111579044483e-01
  -1.2307635881095191e+00
  -7.1147312685273989e-01
  -1.2903684196307090e+00
  -2.5922504387177931e+00
  -1.0956322598603128e+00
  -1.3498947874871166e+00
  -1.1460580122130151e+00
  -9.2240874058874289e-01
  -1.5582007009705081e+00
  -1.0757899855415707e+00
  -4.6763279782789369e-01
  -1.3946000719994385e+00
  -1.3424504782994771e+00
  -2.9630889622505330e-01
  -1.5422494423451298e+00
  -1.3157943550509745e+00
  -9.2238420383361153e-01
  -1.6849641061274598e+00
  -1.3548030258775619e+00
  -1.0728540761311638e+00
  -1.1998997440717079e+00
  -1.2204359052246880e+00
  -6.9531840189002647e-01
  -1.5437485452848843e+00
  -1.4107835124939687e+00
  -1.6701548362366752e+00
  -2.2555915644838818e+00
  -1.1930905584066347e+00
  -1.2402593745050277e+00
  -1.5824594571098747e+00
  -1.8126439918075476e+00
  -2.8015504780400087e+00
  -1.1405731386669919e+00
  -9.6384615738853507e-01
  -1.1556291339887248e+00
  -1.1805062984058907e+00
  -1.0929760732172003e+00
  -1.4998153699849104e+00
  -7.5567929909236820e-01
  -6.5679086660772423e-01
  -1.3851551318257762e+00
  -9.4230858530172468e-01
  -4.3784846516828635e-01
  -1.2464213598215470e+00
  -5.2381808973582311e-01
  -5.7730379901704387e-01
  -8.7283885507409598e-01
  -1.2080720737385930e+00
  -1.1586045734029811e+00
  -1.8998756984902292e+00
  -2.1032505653961726e+00
  -7.0414664212720790e-01
