  -6.5876372519625885e+00
  -5.3080722657659551e+00
  -5.0779591477282029e+00
  -4.5074399946120103e+00
  -3.3656832531041352e+00
  -2.6782256773055040e+00
  -2.6205427669622474e+00
  -5.2455260898305323e-01
   3.9841577918560706e-01
  -1.3591572707570994e+00
   2.9499400261519798e-01
  -9.8169583218735879e-01
   8.0018759702591691e-01
  -3.5536159789775590e-01
   9.6113877822500915e-02
  -1.3223550608243744e+00
  -3.1697225125487276e+00
  -8.7366885031614550e-01
  -8.4928215215712644e-01
  -1.9001765322864268e+00
  -2.2420362619154481e+00
  -5.0158210089462107e-01
  -6.0736053025904568e-02
  -1.6193413237384033e+00
  -2.0788148092609942e+00
  -6.9744659263915965e-01
  -1.0811232316737366e-02
  -1.4987177322974317e+00
  -2.0253158983053154e+00
  -9.3950217320228535e-01
  -9.8059782356810410e-01
  -2.1693162093361460e+00
  -1.1542917561039945e+00
  -1.3205523341724410e+00
  -1.3290674920635326e+00
  -1.2030179808495403e+00
  -1.0235743128518180e+00
  -8.4831356217681031e-01
  -6.4401294430600131e-01
  -2.1308242533641319e+00
  -9.6805214351515945e-01
  -6.0748793874331874e-01
  -9.0717288787687633e-01
  -1.6516475895128366e+00
  -8.5107643155130219e-01
  -3.3981351816299171e-01
  -1.4468500571348222e+00
  -1.5342315692949524e+00
  -8.2603253195498993e-01
  -1.0444436408349367e+00
  -1.6648872706575510e+00
  -1.2652231403186223e+00
  -3.0267611340554162e-01
  -1.7744286096261501e+00
  -1.7069346957474592e+00
  -1.2783824704600015e+00
  -2.3841921330926299e+00
  -1.2664202074126529e+00
  -8.9879300849128119e-01
  -9.0094087035775416e-01
  -2.0294249448979333e+00
  -5.7057179343857423e-01
  -2.1076052092014446e-02
  -9.8166643744621940e-01
  -1.9227411319704752e+00
  -3.4927223950650765e-01
  -1.1506847132882532e+00
  -1.6805354820699925e+00
  -9.6788442620272352e-01
  -4.4225352519309175e-01
  -1.3172945086224086e+00
  -1.0983637612652786e+00
  -4.8439702571536936e-01
  -1.2902857653048303e+00
  -1.1031126258989536e+00
  -1.1800771845998621e+00
  -8.2737306700622038e-01
  -1.9316212305446703e+00
  -1.9248618784061151e+00
  -2.1422343235920263e+00
  -1.8463819227710050e+00
  -9.4725324224742435e-01
  -3.8144495501740788e-01
  -1.7569059201387394e+00
  -9.8322469257460154e-01
  -3.8059522998309475e-01
  -5.1243337212668927e-01
  -1.5877014647581893e+00
  -5.0883747388470280e-01
  -4.1357206823057391e-01
  -1.5511654352724766e+00
  -8.4394465676587516e-01
  -8.1670685944587840e-01
  -2.6540354767679136e-01
  -1.5730523790083952e+00
  -8.9298651358069203e-01
  -7.0014042577111046e-01
  -1.0144228186714010e+00
  -1.1753815757132053e+00
  -1.0203110681684555e+00
  -3.5237879474320372e-01
  -1.5895629118209136e+00
  -1.7334046676781476e+00
  -1.2270324619959359e+00
  -2.5534747900346719e+00
  -6.2589469520734520e-01
  -1.2308426707164544e+00
  -1.5136796380203270e+00
  -3.6064235183434967e-01
  -1.9792978400242613e+00
  -1.9516850677288493e+00
  -9.1288634815771141e-01
  -2.0857983922481949e+00
  -1.6793771740902422e-01
  -1.7038586081424174e+00
  -1.1976749868579506e+00
  -8.9259832464690536e-01
  -1.5511461098354287e+00
  -2.0676763648765122e+00
  -1.8044975557452307e+00
  -1.8649040543601179e+00
  -6.8656355514076595e-01
  -1.0464752373126067e+00
  -1.3168046472030983e+00
  -5.6478896553757763e-01
  -1.0879091349707495e+00
  -1.3950260678495638e+00
  -5.4484121268729968e-01
  -3.8503715454290044e-01
  -1.9070567357460861e+00
  -4.3282871433438475e-01
  -9.6011753295742619e-01
  -1.6621341181890839e+00
  -1.5255699688631121e+00
  -2.8325742353668426e+00
  -1.4320696143245191e+00
  -4.9817155228589838e-01
  -1.8150515216865566e+00
  -2.9505067112282601e-01
  -1.3069564635699020e+00
  -1.4236281356212341e+00
  -9.6673419873056965e-01
  -2.1654540836894731e+00
  -1.1274765165499792e+00
  -4.8908474183915068e-01
  -1.5407325753543444e+00
  -2.5698978464523747e-01
  -6.3053735948731793e-01
  -1.0457371479569446e+00
  -4.3527567401467243e-01
  -6.9418386993507919e-01
  -1.4231379859348696e+00
  -5.9073930192736168e-01
  -1.1414493318535019e+00
  -1.0659246394793391e+00
  -8.5079873411237750e-01
  -5.3786540890732204e-01
  -1.5450490931993552e+00
  -4.9787760855206198e-01
  -9.8194664169831325e-01
  -1.4795400787621484e+00
  -4.8089207224093750e-01
  -1.1911087730063123e+00
  -1.1555308640730220e+00
  -1.0323654205568524e+00
  -1.5884162852934569e+00
  -1.4190725633477725e+00
  -1.2811383410864068e+00
  -1.1218164979814407e+00
  -4.2600734402785251e-01
  -1.2821400247785348e+00
  -6.8950863782186289e-01
  -1.2950594487813782e+00
  -1.4535118214227232e+00
  -2.0508543147855871e+00
  -1.7782502255007642e+00
  -1.3339073583137595e+00
  -1.9458392565272167e+00
  -1.0479891488058184e+00
  -2.0208180811387018e+00
  -1.1634112000663490e+00
  -1.1233266664755299e+00
  -1.8767105236414305e+00
  -1.2822774159464352e+00
  -2.3695587453879638e+00
  -3.1997366549567691e-01
  -1.5623167199368091e+00
  -6.7319107181116788e-01
  -1.9536746719245222e+00
  -2.6126120385508438e+00
  -9.5461686705020510e-01
  -1.2985299618614308e+00
  -8.8288003481504351e-01
  -8.6587806705083592e-01
  -1.0750899750265985e+00
  -8.2638593329575794e-01
  -1.4980063630659213e+00
  -1.0062892386054341e+00
  -1.8751537056188379e+00
  -1.1842890683155292e+00
