  -5.9937253277728759e+00
  -5.1064448981326427e+00
  -4.7743820395398684e+00
  -3.9344202638088843e+00
  -3.3320626672577354e+00
  -2.7297261679995648e+00
  -2.6694467269143196e+00
  -9.0085825367842365e-01
  -1.1929445130242076e-01
  -9.0108179877605998e-01
   7.6352906515924546e-01
  -7.1610875989922296e-01
   1.7710831600697244e-01
  -2.0684348123922423e+00
  -3.0131360622512329e+00
  -5.9851334381104293e-01
  -6.8565895179904912e-01
  -4.7733606129335726e-01
  -2.3865800498726943e+00
  -2.1584222402545299e+00
  -7.3112598805451978e-01
  -4.5827120422217660e-01
  -9.7670498744442780e-01
  -2.6071701697827874e+00
  -1.2393963697632722e+00
  -1.8060663619053147e-02
  -6.3641141553201952e-01
  -2.1692954788753429e+00
  -1.3523136160083438e+00
  -1.0391081100027473e+00
  -1.6434125217326563e+00
  -1.8658651213588662e+00
  -9.8443798175405317e-01
  -6.8412152462035991e-01
  -7.0055567234935401e-01
  -2.1473613518869468e+00
  -9.0573471865070043e-01
  -2.4469738780163594e-01
  -4.1440502548417191e-01
  -1.9069492733371687e+00
  -1.4826556356317995e+00
  -2.8875816887806899e-01
  -7.8454192819823299e-01
  -1.5855730398452224e+00
  -1.5935933568400158e+00
   4.1839451659695520e-04
  -5.8238135732099416e-01
  -1.1722214640560094e+00
  -1.7354347274747097e+00
  -9.7933893415737072e-01
  -6.9737686213154582e-01
  -1.4548822063504625e+00
  -1.3436713195555372e+00
  -1.1319197785223081e+00
  -7.4891092287474093e-01
  -1.2778171888908902e+00
  -1.3132137138832241e+00
  -8.7482879629304466e-01
  -1.0410126321531064e+00
  -1.2160486023591484e+00
  -1.3316755964733027e+00
  -8.2299122562459903e-01
  -9.8212363928029045e-01
  -8.7370460392325167e-01
  -1.7669719925414629e+00
  -9.9205089400479385e-01
  -4.8736546399992492e-01
  -1.1858670058016942e+00
  -1.6206079534771938e+00
  -6.2127779601874600e-01
  -9.7210539899023385e-01
  -2.7346790385520419e+00
  -1.6137029034942050e+00
  -1.7043003045963514e+00
  -1.5190666998912696e+00
  -4.6110487329471428e-01
  -4.7064575137942821e-01
  -1.4321238266924465e+00
  -1.1714891359238866e+00
  -4.8736447813890099e-01
  -1.5406399122018013e+00
  -1.2112442425341063e+00
  -5.2750750658993240e-01
  -5.6921144097702159e-01
  -1.4697305610952620e+00
  -1.2458358512545324e+00
  -6.5817114246940411e-01
  -1.8399722018517295e+00
  -1.7588891220263529e+00
  -1.3498078951263057e+00
  -1.6512090816032623e+00
  -1.6838381893693362e+00
  -1.7211710754088301e+00
  -1.6780871469025638e+00
  -1.5817941849323416e+00
  -8.6613137556160680e-01
  -7.8160484549485898e-01
  -1.1456011466976128e+00
  -9.9495067652510172e-01
  -1.4168148662440434e+00
  -4.5629935536795607e-01
  -1.3582493457258631e+00
  -1.3382329818093104e+00
  -1.6810978675811830e+00
  -2.0631011983305920e+00
  -1.5235612818398190e+00
  -7.2713099383557322e-01
  -1.4147998329016369e+00
  -9.0804854936634416e-01
  -9.4493608152796116e-01
  -9.6452594105082268e-01
  -1.0210547516633663e+00
  -1.5843480531497440e+00
  -1.6078044307343755e+00
  -1.5531451749753358e+00
  -1.9653199124989582e+00
  -6.4486954799943508e-01
  -1.2502496320862932e+00
  -1.4669485591251579e+00
  -8.1709047381908240e-01
  -9.8961967873328027e-01
  -1.0631291922859429e+00
  -1.0237632742224556e+00
  -1.0427625865079200e+00
  -6.6276647857384374e-01
  -1.2978334752148442e+00
  -1.0582511216026265e+00
  -8.4491252888247381e-01
  -2.1948494709970574e+00
  -2.2896325104480999e+00
  -1.8792792384195316e+00
  -1.5093021896375847e+00
  -7.2572553513106397e-01
  -6.1333453152655493e-01
  -9.5274468264192991e-01
  -9.0275147334724992e-01
  -7.7153719167601231e-01
  -6.7845282880036861e-01
  -1.7223805084735930e+00
  -6.3440182260329603e-01
  -5.2987775539999726e-01
  -1.2751418115612352e+00
  -1.0403527913357347e+00
  -4.1402235924502057e-01
  -8.5019993209922795e-01
  -1.3877189302239104e+00
  -9.8736566380898727e-01
  -5.4233025447491512e-01
  -1.1017467839518362e+00
  -9.1126682450798702e-01
  -7.5726784959657045e-01
  -5.1977114789425782e-01
  -1.3788885252674745e+00
  -1.6532832914448321e+00
  -1.6360972169294821e+00
  -1.9256183855195976e+00
  -1.0842184175171403e+00
  -8.2306503406337639e-01
  -1.1836886007021248e+00
  -5.2290964520208627e-01
  -6.5988110859503879e-01
  -9.1554341467788514e-01
  -1.6110900819421536e+00
  -9.5126821429068009e-01
  -1.0365265214117669e+00
  -2.1107413486937801e+00
  -6.1176269222922286e-01
  -1.2852428889415397e+00
  -1.1777515816050221e+00
  -7.6905183318318593e-01
  -5.0045089195799952e-01
  -8.9912310963364173e-01
  -1.4623514030890183e+00
  -7.6659304902346326e-01
  -1.6590772495805670e+00
  -1.3817575177749859e+00
  -5.1513871086836016e-01
  -1.6835988070422501e+00
  -1.7559102024607456e+00
  -1.6994375895706679e+00
  -1.9384066579041190e+00
  -1.0637818253953015e+00
  -1.8065391681890501e+00
  -2.4592746377360988e+00
  -1.3353385096104740e+00
  -1.8745772293405445e+00
  -7.7215003285501882e-01
  -5.7221729890312512e-01
  -8.9917289092141772e-01
  -1.7929324833391467e+00
  -1.6450511962503498e+00
  -1.8037644247709783e+00
  -1.2562189263553136e+00
  -5.9706726017624734e-01
  -1.5504184313353075e+00
  -1.5554687645091154e+00
  -1.7865958324667435e+00
  -1.3308368493823419e+00
  -9.1580944887946170e-01
  -9.6775192046976322e-01
