  -5.3902844406708761e+00
  -4.8443799743686977e+00
  -3.9177250499684537e+00
  -3.5840460521464941e+00
  -3.5580339748629677e+00
  -3.4483358029242286e+00
  -1.8732000972543659e+00
   9.9077272116967541e-01
  -1.3597288175629871e+00
   9.7310847007653800e-01
  -1.1604775637168485e+00
  -1.3511454133855223e+00
  -1.0761436136897340e+00
  -3.2746168592818190e+00
  -7.1247929334623272e-01
  -5.1223287855713107e-01
  -5.9121211368205862e-01
  -6.6088614377789379e-01
  -1.7647730778323663e+00
  -1.8465137656288411e+00
  -1.8017213682828339e+00
  -5.9158203742208382e-01
  -6.7749429587124355e-01
  -1.8820189307355524e+00
  -2.1899735648327536e+00
  -8.9184198041662499e-01
  -3.8988740038903896e-01
  -1.6417680527954399e+00
  -2.2292235634648412e+00
  -1.0518075656546844e+00
  -1.1938624537042868e+00
  -1.6784230394732105e+00
  -1.6296755631647541e+00
  -1.1487671682107095e+00
  -1.0088275124733828e+00
  -4.6927751805204915e-01
  -5.7816678761560125e-01
  -1.5717390240405322e+00
  -1.8833859099126269e+00
  -7.5316467611158944e-01
  -8.2633822677938829e-01
  -1.0582756753737961e+00
  -1.9911692590034888e+00
  -1.2609337183838956e+00
  -3.7872780509578474e-01
  -7.7613846654490970e-01
  -1.4410791191403496e+00
  -1.6234370059702028e+00
  -8.1540402689398472e-01
  -7.0359533524311024e-01
  -6.3098275037148577e-01
  -1.1416178769379843e+00
  -2.1438670542017264e+00
  -2.4661882936085336e-01
  -4.2807406864208497e-01
  -1.7135957776320412e+00
  -1.8050880710853532e+00
  -3.9168152584345839e-01
  -2.6497819671095829e-03
  -9.4944858682215916e-01
  -1.6650111044485703e+00
  -1.5773034078442176e+00
  -4.8381176797256042e-01
  -6.7670199336325199e-01
  -1.3030519666151481e+00
  -1.6629433367585962e+00
  -4.6001003631769255e-01
  -9.5479732622363322e-01
  -1.6121452453566667e+00
  -2.0798035273010451e+00
  -1.5086791709623282e+00
  -2.8437670404944875e+00
  -1.0032338203019253e+00
  -1.7580683058535015e-01
  -9.6471909887727458e-01
  -1.8108932305123782e+00
  -6.2341111125790527e-01
  -4.4147505003910542e-01
  -4.2640585223290434e-01
  -1.4122151448164044e+00
  -1.3081652184805186e+00
  -8.1243955396084433e-01
  -7.8802314367301673e-02
  -1.5161586083624583e+00
  -1.6176376546127365e+00
  -1.4936083629769081e-01
   3.1638993747662728e-02
  -1.5774842806322167e+00
  -1.5896815072083694e+00
  -1.3605084496606643e+00
  -2.5465143536344672e+00
  -1.1795645374687453e+00
  -7.1248978776024263e-01
  -7.4347301596077386e-01
  -1.7876819077546597e+00
  -4.9006368812085710e-01
  -7.5541508743921415e-01
  -1.3511402603366152e+00
  -1.5305525069370383e+00
  -1.3050311480310204e+00
  -2.3309885283453871e+00
  -1.3881199997262306e+00
  -1.3547895765604769e+00
  -1.2257415181474149e+00
  -6.4078708128732975e-01
  -5.3807461606079576e-01
  -1.1213983520128572e+00
  -1.4085472392629255e+00
  -6.2841656498777176e-01
  -9.8454557967093537e-01
  -1.8164275471883067e+00
  -1.5247873860877486e+00
  -1.8951738640989606e+00
  -1.1577888021302420e+00
  -9.7761938115885583e-01
  -1.4944457919754572e+00
  -9.1390287218061905e-01
  -1.1334499349939986e+00
  -8.9216195295171807e-01
  -1.0365259214110691e+00
  -1.3351612396834656e+00
  -1.7890977186135801e+00
  -2.2005461917274238e+00
  -2.2052154440720120e+00
  -9.9047469814351685e-01
  -1.0695296489640287e+00
  -1.7946048378661736e+00
  -2.8314482114292796e-02
  -9.9470984289752895e-01
  -1.4643580354007073e+00
  -3.6883249426068515e-01
  -7.8739596624080166e-01
  -1.5837617976334977e+00
  -1.0043440122755358e+00
  -1.3854187969823240e+00
  -1.9113310415824281e+00
  -6.3166430284961972e-01
  -1.1866133154016185e+00
  -1.3954902252244223e+00
  -2.3048555014760780e-01
  -8.4212220608037036e-01
  -6.9356563092110746e-01
  -7.9274721645586887e-01
  -3.5414697059501332e-01
  -1.0975518218991058e+00
  -1.1329430949398420e+00
  -1.7071207321199430e-01
  -1.3332362745380071e+00
  -1.1266717887110052e+00
  -5.5841879076556533e-01
  -1.9447880208112955e+00
  -1.7059342082013536e+00
  -2.0630987470692337e+00
  -1.8032024346689750e+00
  -6.7289640721197297e-01
  -7.9869244697847452e-01
  -1.5382963330197887e+00
  -8.3770333447507683e-01
  -7.3959085602062324e-01
  -1.4434021433250017e+00
  -7.9554744829804402e-01
  -7.5512711352255302e-01
  -1.7604122702084735e+00
  -1.5358853017495206e+00
  -9.5386858461881485e-01
  -1.4126132256029780e+00
  -7.7801912516249294e-01
  -1.0877058334554537e+00
  -1.5672424211884999e+00
  -1.3892916056410685e+00
  -2.2906576076306036e+00
  -1.6811269885863154e+00
  -7.6522251805306973e-01
  -1.9043953624577412e+00
  -1.6635594500898954e+00
  -1.9056179499541115e+00
  -1.6719179176278089e+00
  -5.8304996230544326e-01
  -1.8612854546271200e+00
  -1.1091692334949419e+00
  -1.6660366769969885e+00
  -9.5254396306777323e-01
  -5.3819917439949061e-01
  -9.7872485693271127e-01
  -8.3556775680142636e-01
  -1.1770588303441900e+00
  -9.9101349744785472e-01
  -8.7612463460410084e-01
  -7.6669747496775353e-01
  -1.1465540856836458e+00
  -7.0320733791719203e-01
  -9.7746791307533298e-01
  -2.3728262286738926e+00
  -1.2613870869073345e+00
  -1.6276732666903631e+00
  -1.2205533858999711e+00
  -5.5808357970381806e-01
  -2.0542187821408255e+00
  -1.0654677841944047e+00
  -1.4094663881863847e+00
