  -5.9937253323053898e+00
  -5.1064448857803493e+00
  -4.7743820477179550e+00
  -3.9344202600157607e+00
  -3.3320622388846912e+00
  -2.7296218706249684e+00
  -2.6643566502979961e+00
  -8.7496679255900134e-01
  -1.6736997504514567e-01
  -9.2882868346794534e-01
   7.3399159057162211e-01
  -8.0061255815057797e-01
   2.3087278663201860e-01
  -1.7607700151824301e+00
  -3.1010376639311534e+00
  -8.2441687789120899e-01
  -6.2221521992598672e-01
  -4.0772688591126482e-01
  -2.2493002565727487e+00
  -2.2706779465317370e+00
  -8.8096442898575078e-01
  -5.8463908186908342e-01
  -8.0431282941476845e-01
  -2.5573913566771638e+00
  -1.6829625948552251e+00
  -3.1030999276357296e-01
  -1.1185518200090327e+00
  -2.3473640422473516e+00
  -8.9442618416110897e-01
  -8.4513425028826017e-01
  -1.6742529420491461e+00
  -2.1615615469044935e+00
  -1.0298287612834782e+00
  -5.0188022480595240e-01
  -7.3173323044204541e-01
  -2.0608527987586780e+00
  -9.8204219670560478e-01
  -3.0322159559713091e-01
  -7.7552767787055321e-01
  -1.9788837427796186e+00
  -1.1387431635830587e+00
  -2.6603023791546054e-01
  -7.9471307369215960e-01
  -1.4340387191978794e+00
  -1.5605841100702138e+00
  -6.4771503276966777e-02
  -4.6978832114778973e-01
  -1.1126401229566607e+00
  -1.5107904278984499e+00
  -7.7323261197360649e-01
  -5.1652569844066887e-01
  -1.4019419204961203e+00
  -1.2713662925926423e+00
  -1.0464806258152455e+00
  -7.1312574281603547e-01
  -1.2685150678779922e+00
  -1.3463084148303262e+00
  -8.9384838438847891e-01
  -1.0868530984149414e+00
  -1.2096509443959942e+00
  -1.2935448192091143e+00
  -9.1785753204417075e-01
  -1.0509325611270333e+00
  -8.2851193494790221e-01
  -1.7635310217885454e+00
  -9.3121346895764479e-01
  -3.5462612071727262e-01
  -1.0442591781770505e+00
  -1.8236450553134649e+00
  -9.8510360217219017e-01
  -1.9524993382902367e+00
  -2.8044472902874009e+00
  -6.7625603060756501e-01
  -1.2584506887815967e+00
  -1.3337358869336786e+00
  -6.1747249275493288e-01
  -6.0977421446111713e-01
  -1.4466708979997784e+00
  -1.1010424840665791e+00
  -6.2563269111295949e-01
  -1.9920645559711969e+00
  -1.2540996350580891e+00
  -9.8787630093617329e-01
  -1.7757800034615829e+00
  -1.2918790550392281e+00
  -7.8985158100129305e-01
  -9.7002911181047191e-01
  -1.5702031886086809e+00
  -6.1307075040483838e-01
  -7.0565934845136691e-01
  -1.3660860651198596e+00
  -1.7478944676166015e+00
  -2.0655921735782385e+00
  -1.7622156579272990e+00
  -1.3792783167374196e+00
  -7.8483123212953787e-01
  -8.6154686507868694e-01
  -1.1605830849001335e+00
  -8.5751405527534752e-01
  -1.4758821961780666e+00
  -8.8567908226820891e-01
  -2.1578519545174646e+00
  -1.5645984862201521e+00
  -1.7265244623221288e+00
  -1.3611408820381647e+00
  -8.8940501698847296e-01
  -5.4590730898857254e-01
  -1.3944083531163842e+00
  -9.1687015635924385e-01
  -9.2491438680795390e-01
  -9.4863927753223609e-01
  -9.0933388941668580e-01
  -1.5139203687851475e+00
  -1.7990087774409476e+00
  -1.5005917747698634e+00
  -1.7891779564415757e+00
  -6.0907221391809296e-01
  -1.1210498477666748e+00
  -1.4947504988097009e+00
  -8.3589701805166916e-01
  -1.0428780207629513e+00
  -1.2096173864059521e+00
  -1.0247200232947686e+00
  -9.9915412148536031e-01
  -8.4711351346594654e-01
  -2.0958494325793757e+00
  -2.0488858866556989e+00
  -2.2580411526964621e+00
  -1.3565675809629618e+00
  -8.3056067149325841e-01
  -1.1662754921750973e+00
  -1.2715457090537177e+00
  -7.3118748152372293e-01
  -6.8936511520931953e-01
  -1.0610587172760382e+00
  -9.7045442834911066e-01
  -7.7795059623521323e-01
  -7.6458772897820571e-01
  -1.6348748030895424e+00
  -4.0444363514766746e-01
  -4.2321443247960988e-01
  -1.3288600957784942e+00
  -1.0504264205115141e+00
  -4.0531350495968038e-01
  -8.1133285507509056e-01
  -1.4125991925348895e+00
  -1.0526339793889785e+00
  -5.9436052150994778e-01
  -1.1638612761954945e+00
  -9.4676277006982712e-01
  -8.4040997649152760e-01
  -7.1484860346517332e-01
  -1.3812828085745603e+00
  -1.0533928695387240e+00
  -9.2598887595555657e-01
  -1.8005575394095865e+00
  -2.0861030480878178e+00
  -1.8274155439574864e+00
  -1.6705807417485554e+00
  -7.5723654237919746e-01
  -9.2901790397367767e-01
  -1.5759235757101226e+00
  -1.0684383004117859e+00
  -5.8319651290244845e-01
  -1.3147158368953928e+00
  -1.4053105229829148e+00
  -4.0027638376984359e-01
  -1.8852482081568565e+00
  -1.5149998586069036e+00
  -1.7777600659850230e+00
  -1.5551918585596323e+00
  -1.0727765696285281e+00
  -4.3438846788064556e-01
  -1.7147804163919562e+00
  -1.5221919746122627e+00
  -9.2983430038771819e-01
  -1.4572564898564873e+00
  -6.7078878963810706e-01
  -5.9912895627126850e-01
  -2.5131050657754286e+00
  -2.1578711407680431e+00
  -1.7834174531982707e+00
  -1.2841791271066689e+00
  -6.6971169481758430e-01
  -9.9708458880965756e-01
  -1.6924490131124079e+00
  -5.6953193750888531e-01
  -1.1887601081481085e+00
  -1.8343993373776746e+00
  -1.2500890650374783e+00
  -8.6142886916187855e-01
  -1.1562129328848614e+00
  -1.0382336767066760e+00
  -1.1006602886014634e+00
  -2.3909329180139154e+00
  -1.1820657800620211e+00
  -1.3811893477114687e+00
  -1.1991302067633642e+00
  -1.3441306947643392e+00
  -1.9408629242798847e+00
