  -1.6015875626672662e+00
  -1.3687561857962609e+00
  -1.2558048739891017e+00
  -1.4484567942961615e+00
  -1.7261268415177839e+00
  -1.7977782188712748e+00
  -1.7720888401811092e+00
  -1.5862247877106574e+00
  -1.3994217926492074e+00
  -1.5511875950585821e+00
  -1.6693241317946266e+00
  -1.6878661208346599e+00
  -1.5593829744061796e+00
  -1.4360620553040022e+00
  -1.4840859051486754e+00
  -1.4534131742492777e+00
  -1.4914867421226039e+00
  -1.4782842305936053e+00
  -1.4827376759256397e+00
  -1.4022736480536819e+00
  -1.2413000675823109e+00
  -1.1528961376275804e+00
  -1.2775139326549003e+00
  -1.4861279174530881e+00
  -1.4871853214513295e+00
  -1.5482302003459876e+00
  -1.3165576002245958e+00
  -1.2903091430694194e+00
  -1.2630781543694427e+00
  -1.2387675293453246e+00
  -1.3699124207746343e+00
  -1.3242853798391205e+00
  -1.1679445024167883e+00
  -1.1712380510340437e+00
  -1.2376183450107006e+00
  -1.2473210947842321e+00
  -1.2016541046143274e+00
  -1.2032310028808395e+00
  -1.1018366294696702e+00
  -1.1496110980565617e+00
  -1.3283548583032989e+00
  -1.0949756857859358e+00
  -8.9261958034899780e-01
  -1.0706973398898585e+00
  -1.0709701898286943e+00
  -1.0682182891859942e+00
  -1.0532439600757770e+00
  -1.2069153084231441e+00
  -1.2353771536857192e+00
  -1.2546043231488846e+00
  -1.1132173289714005e+00
  -1.0194308110914407e+00
  -1.1201279285619852e+00
  -1.2042085138725269e+00
  -1.1749286166892161e+00
  -1.0312567558421046e+00
  -9.7987795714749848e-01
  -1.0997246645561398e+00
  -1.0066135581998372e+00
  -1.1039141154457921e+00
  -1.1893355652564039e+00
  -1.1219916551715430e+00
  -1.1996790222738503e+00
  -1.1651402375131117e+00
  -1.1161921575597300e+00
  -1.0271642775835719e+00
  -9.2759742789684918e-01
  -8.9157550131972896e-01
  -9.4789139148377122e-01
  -9.6012178250990532e-01
  -9.7791325548204733e-01
  -1.0195279850704926e+00
  -1.6567490057599574e+00
  -2.3349745478973536e+00
  -1.9788280218812295e+00
  -1.4028162986845580e+00
  -1.2427033923277555e+00
  -1.0765320043608713e+00
  -9.9097806486011719e-01
  -1.1265628804634646e+00
  -1.1717879892836252e+00
  -1.0974475369566674e+00
  -8.7771900888579735e-01
  -9.7367592604425346e-01
  -9.9685098179851162e-01
  -1.0978967027041986e+00
  -1.3135287948685503e+00
  -1.7143558819513232e+00
  -2.2242289741914254e+00
  -1.8018069425142667e+00
  -1.1424372782955545e+00
  -8.4877561149244141e-01
  -9.7973361493547195e-01
  -1.0306263550366059e+00
  -9.3864075186218665e-01
  -8.5885980746849599e-01
  -8.1886179672076376e-01
  -8.1644820034973076e-01
  -9.6265196094978500e-01
  -9.9361939327595827e-01
  -9.2625682622455019e-01
  -9.2889266053687303e-01
  -9.3764381009061437e-01
  -1.2021448252637044e+00
  -1.9682048914589254e+00
  -1.9926070661964672e+00
  -1.4657209080320683e+00
  -1.0318693216856667e+00
  -1.0466359954078313e+00
  -1.2043832263780674e+00
  -1.5620655289962910e+00
  -1.8138494913443799e+00
  -1.6165501288561015e+00
  -1.3347499704524977e+00
  -1.1177533173904295e+00
  -1.1102747800785615e+00
  -1.1023891607768106e+00
  -1.0619084328833459e+00
  -9.2436690858472925e-01
  -9.9563431705816852e-01
  -1.0464169272661878e+00
  -1.1184144447631688e+00
  -1.0566385755043257e+00
  -1.0762942391194090e+00
  -1.1024312268779706e+00
  -9.3666699296429712e-01
  -9.1761616300535942e-01
  -9.4060994465961334e-01
  -1.0739171032128207e+00
  -1.6385441394725009e+00
  -2.5263190054480180e+00
  -2.0159307475034902e+00
  -1.3231441331598499e+00
  -9.9832434842668472e-01
  -9.9097630726403985e-01
  -1.0124179530035176e+00
  -9.3432291825807412e-01
  -8.7574912176141417e-01
  -8.7255024436709183e-01
  -9.4735615133361573e-01
  -1.2856842461837676e+00
  -1.5835287259930941e+00
  -1.4548034301857569e+00
  -1.5131753417556804e+00
  -1.2192842490526266e+00
  -1.0559137732806285e+00
  -1.0463612065946588e+00
  -8.8738965238056366e-01
  -7.5383367165357307e-01
  -9.4650356496102583e-01
  -9.6721978970485989e-01
  -1.3445986248207271e+00
  -1.9313037201801797e+00
  -2.0257797823816461e+00
  -1.7542277429806572e+00
  -1.2916421578913972e+00
  -9.3421801369411051e-01
  -7.9017056831693866e-01
  -6.6738890902053705e-01
  -7.1767440927994941e-01
  -7.4983166489085351e-01
  -8.0607464519089889e-01
  -9.2076752356012925e-01
  -8.0504410466940735e-01
  -7.8165705832208310e-01
  -7.9612938665947952e-01
  -1.0031725261846938e+00
  -1.4513600433891993e+00
  -1.6578135324907566e+00
  -1.3139359291234094e+00
  -9.4706739347806235e-01
  -8.1020200360635908e-01
  -8.0235714631360910e-01
  -8.7872517732783217e-01
  -9.9517271914078809e-01
  -1.0877435102627000e+00
  -1.2229490898456281e+00
  -1.2729715722554251e+00
  -1.3502682777348758e+00
  -1.4286444306647919e+00
  -1.3169421168038704e+00
  -1.2380399157822732e+00
  -1.6327237728570336e+00
  -1.8487617037257833e+00
  -1.2565254972158473e+00
  -1.0249494692215948e+00
  -1.5587816237225423e+00
  -2.5071347235459291e+00
  -2.0047937970319798e+00
  -1.2573940843755531e+00
  -8.2201688511212134e-01
  -8.5853680517506625e-01
  -9.2466609002698485e-01
  -9.6180963562832811e-01
  -1.0884869834946747e+00
  -1.5667525585733619e+00
  -1.9088057097900262e+00
  -1.5433823954374857e+00
  -1.2946971869900814e+00
  -1.1089599448568437e+00
