  -5.9733981060267265e+00
  -4.4999266039499251e+00
  -4.0444262938555022e+00
  -3.5751961889422392e+00
  -3.3160102280232113e+00
  -3.2258002384928783e+00
   4.1109802885528873e-01
  -9.4041949884382292e-01
  -1.4460081606161701e+00
   8.1531980296719742e-01
  -1.8876465530805364e+00
   1.4558012598958603e-01
  -1.3349458087466270e+00
  -1.6924949572536601e+00
  -2.4528506869662485e+00
  -8.0553985173287057e-01
   9.3436865540176745e-02
  -1.6172949204790932e+00
  -1.8870149171084241e+00
  -2.1873870068601846e+00
  -9.3655724670193075e-01
  -3.6665328471373171e-01
  -1.1490648156814274e+00
  -2.2528631130074013e+00
  -1.6575317415134472e+00
  -3.0134809679680113e-01
  -1.2756059855687623e+00
  -1.3458039124872707e+00
  -2.6156637444773230e+00
  -3.8676115638923386e-01
  -3.1872640517330353e-01
  -1.2163818922561780e+00
  -2.2677648237107451e+00
  -1.1695636523225503e+00
  -2.0563662954621603e-01
  -8.5696300974119388e-01
  -1.5038928313664410e+00
  -1.4163684532894609e+00
  -7.6082882940695784e-01
  -8.8529418587960707e-01
  -1.0648683512076746e+00
  -1.8229620367453505e+00
  -1.0951455304366671e+00
  -6.0303885682555269e-01
  -1.0454326531403519e+00
  -1.2297966137615175e+00
  -1.6570340791943265e+00
  -4.1294686455994895e-01
  -7.1125743191128499e-01
  -1.1096046231018570e+00
  -1.4210972982253725e+00
  -1.2094903086174873e+00
  -5.3648844335392742e-01
  -1.2893548489320996e+00
  -1.9196427049706326e+00
  -3.8967159538468743e-01
  -4.5589004108890374e-01
  -1.1662450843756333e+00
  -1.5538495282350222e+00
  -1.1564034674996000e+00
  -8.3731444002817390e-01
  -8.2329337409496506e-01
  -1.8825038334497826e+00
  -1.0194140054837224e+00
  -1.2461761040280368e-01
  -4.2987207125618954e-01
  -1.8088077144465740e+00
  -1.0030982333492606e+00
  -4.5790280653602522e-01
  -1.0467096598051506e+00
  -1.4995592344636999e+00
  -1.8929228155013893e+00
  -1.8091394187084848e+00
  -2.4322506618814659e+00
  -1.3904381840207214e+00
  -5.4460183441029741e-01
  -9.3859737065106297e-01
  -1.3288241109861167e+00
  -1.2490584676252845e+00
  -2.5840753614377671e-01
  -6.2692810649036168e-01
  -1.5237828008524241e+00
  -1.4061796586893649e+00
  -1.8599137592441128e-01
  -1.5751610890507630e+00
  -1.1847075906510836e+00
  -1.3532077785702190e+00
  -1.3229171190722611e+00
  -2.4200060908370760e+00
  -1.6684689896290814e+00
  -1.0411516662169320e+00
  -7.4970330304331356e-01
  -1.2636171966054928e+00
  -7.4856950791096533e-01
  -7.2577672923123704e-01
  -9.3738142081992970e-01
  -1.4124889180822175e+00
  -1.0077291262778536e+00
  -9.7981752099186059e-01
  -2.1727074318834974e+00
  -1.8899638355021025e+00
  -8.0159948703393447e-01
  -1.8843293958262943e+00
  -8.0525804616706598e-01
  -6.1185754014997584e-01
  -9.2397852317489149e-01
  -1.2074757632417006e+00
  -1.1923644056980915e+00
  -9.5350274439341687e-01
  -1.3248873556785294e+00
  -1.4436123851835594e+00
  -1.8558835979923793e+00
  -1.3281263289038208e+00
  -1.7197954197986278e+00
  -1.0709647301311804e+00
  -9.1080081040994165e-01
  -1.6482027301033235e+00
  -9.7821180195908697e-01
  -4.7889624745400733e-01
  -1.5720648000426143e+00
  -1.2659422748485802e+00
  -6.4681914285390096e-01
  -1.7967563864575984e+00
  -1.0488187015284778e+00
  -2.9319711093761280e-01
  -1.5106814923478604e+00
  -1.4260835637447780e+00
  -5.2370993438442315e-01
  -2.5442112790686009e+00
  -2.2267723472844767e+00
  -1.4938757006894974e+00
  -1.9200514934227988e+00
  -5.3196254346163308e-01
  -1.7322425561834309e-01
  -1.7500839096012770e+00
  -1.4800197279171645e+00
  -8.9075695984667380e-01
  -2.2806600693547332e+00
  -6.4891980476797306e-01
  -8.8857593476559349e-01
  -1.0596358450214942e+00
  -8.3848747904729093e-01
  -2.4403460993320325e-01
  -6.8200500763162719e-01
  -1.3447840008518177e+00
  -6.1820583291794973e-01
  -4.5244120218582368e-01
  -1.2031947145961990e+00
  -1.2050760260969464e+00
  -5.8250752245350113e-01
  -7.4459422450368906e-01
  -1.9825935753067903e+00
  -1.8533466870642872e+00
  -1.9649060074295361e+00
  -1.5067650120940823e+00
  -5.9453028832523014e-01
  -1.0633074006980845e+00
  -7.3873387055079054e-01
  -1.3969101811507545e+00
  -3.2212074459023327e-01
  -1.0324172405396623e+00
  -1.4625149419695402e+00
  -8.9061859999732806e-01
  -6.6799489519110267e-01
  -1.6774546091912792e+00
  -4.4653089873342822e-01
  -5.2932096069031376e-01
  -1.7307482041222861e+00
  -9.0288767692067240e-01
  -1.4913061065594095e+00
  -1.8943128160131550e+00
  -1.2965112068464435e+00
  -1.9869060376027590e+00
  -1.2243409877014642e+00
  -1.1952442467797890e+00
  -1.8622980929404955e+00
  -1.1719514013367660e+00
  -4.4123141665050480e-01
  -1.4030798416615338e+00
  -3.7756607893345429e-01
  -8.8511080419860749e-02
  -1.2007902728639084e+00
  -1.4095118724886040e+00
  -2.2590058724735274e+00
  -2.0960555984261608e+00
  -1.4586045053525269e+00
  -1.2639976596626863e+00
  -9.2353540094212094e-01
  -1.5994256680349834e+00
  -1.1398482268975965e+00
  -1.5080289964806692e+00
  -1.5156492952825500e+00
  -9.1036519649991721e-01
  -7.5439939709113524e-01
  -1.2414379317149122e+00
  -6.7273566095664528e-01
  -5.6774943117432608e-01
  -1.5467721297965102e+00
  -2.0857252173242733e+00
  -1.4188138378095669e+00
