  -5.9733981084524483e+00
  -4.4999265752619424e+00
  -4.0444262246413922e+00
  -3.5751967119965329e+00
  -3.3161443467427758e+00
  -3.2373688278996742e+00
   2.8579728251500536e-01
  -8.8490288289406638e-01
  -1.5486896327727722e+00
   9.0524280028666837e-01
  -1.7307024015216481e+00
   2.8044303691229200e-01
  -1.5474790050811311e+00
  -2.1528724275261020e+00
  -2.1940378544883274e+00
  -7.2763933750416054e-01
   1.6065464686307537e-01
  -1.3321883042035119e+00
  -1.4378316353935821e+00
  -2.4230689935295193e+00
  -1.0784872043478417e+00
  -3.3639975298448110e-01
  -7.3874671163388450e-01
  -1.7404496764966173e+00
  -2.5047656864159480e+00
  -4.9078909992843495e-01
  -1.0903245079496582e+00
  -6.1044498681377979e-01
  -2.7020457531494184e+00
  -1.1816569180755485e+00
  -3.6290573188851810e-01
  -6.6109184732837645e-01
  -1.7466854768725395e+00
  -1.8690915637349039e+00
  -4.7321911926617372e-01
  -8.7124005836706253e-01
  -1.5009549453148316e+00
  -1.5147009263714866e+00
  -8.5179791267307658e-01
  -1.0097184545043438e+00
  -1.2791359714415724e+00
  -1.7774802165518171e+00
  -8.8836496973178614e-01
  -5.6052380626542908e-01
  -1.0398220037919819e+00
  -1.2197447199626961e+00
  -1.7037938714513756e+00
  -4.3247580212662723e-01
  -6.0917022847413427e-01
  -1.0439420941348569e+00
  -1.4285626343696141e+00
  -1.3462959360076341e+00
  -5.6518938508073802e-01
  -1.1673104808446981e+00
  -1.9379860207967261e+00
  -4.8551134172149507e-01
  -4.7734166405427214e-01
  -1.1566108450147750e+00
  -1.4719694965333912e+00
  -1.0892511081696674e+00
  -8.0362984644863189e-01
  -7.5287438661550454e-01
  -1.8135754190039419e+00
  -1.2309615799203901e+00
  -2.8590029638168002e-01
  -7.2844965117028904e-01
  -1.8655696388069969e+00
  -7.1402584712893746e-01
  -5.1679855345844639e-01
  -1.3777980984705960e+00
  -1.5241733023548274e+00
  -1.6566481854649633e+00
  -1.8704978591028754e+00
  -2.5200413784179467e+00
  -1.0431954435414361e+00
  -5.4943008707577767e-01
  -1.1422196893187311e+00
  -1.4235672077649284e+00
  -1.0979172080803534e+00
  -1.9210091639812446e-01
  -6.8937987184747918e-01
  -1.6402393605743253e+00
  -1.2606868043944166e+00
  -1.7512685050035975e-01
  -1.5655125976016897e+00
  -1.0218279731999991e+00
  -1.2270896327643035e+00
  -1.1870222296518937e+00
  -2.4639271200961481e+00
  -1.8873969797162906e+00
  -1.1008599164325590e+00
  -7.5201413072446976e-01
  -1.2916780545709230e+00
  -7.6052932776056703e-01
  -6.9098526901935919e-01
  -8.8130300377720672e-01
  -1.3490783905464026e+00
  -1.0017803298982482e+00
  -1.0389110332881251e+00
  -2.1097164685032692e+00
  -1.8275209221740538e+00
  -1.0137146059344198e+00
  -2.0273921522333911e+00
  -6.8391336033611749e-01
  -5.8853819215741521e-01
  -9.1969825019810081e-01
  -1.1351815317137992e+00
  -1.1182632525367981e+00
  -1.0589313744352142e+00
  -1.5535733322549456e+00
  -1.6280178344014953e+00
  -1.8810493730831015e+00
  -1.1237172101951873e+00
  -1.3938225553482100e+00
  -8.8278159391488242e-01
  -8.1782491870566187e-01
  -1.6950649934555844e+00
  -1.0854556178100996e+00
  -4.7227057197187011e-01
  -1.4961228139900820e+00
  -1.2255297631431836e+00
  -5.1395160347542479e-01
  -1.7963794758951632e+00
  -1.3465238599856284e+00
  -3.4995276441494733e-01
  -1.6479694662167632e+00
  -1.7771813016455988e+00
  -1.6948088264552887e+00
  -2.8024880360215807e+00
  -9.2997857528070182e-01
  -9.1519976842770490e-01
  -1.7266858447872824e+00
  -5.9396008223305519e-01
  -1.0922845882336236e-01
  -1.3488905045468951e+00
  -9.5094722327909698e-01
  -7.1301888432162966e-02
  -1.3432340337450754e+00
  -1.4207768575152042e+00
  -1.0759680806472647e+00
  -1.7004320766458658e+00
  -1.1948931028705607e+00
  -5.2472649649479119e-01
  -8.1419909609394947e-01
  -1.5312818890270476e+00
  -6.7744728252206832e-01
  -4.6074368649898317e-01
  -1.1781210516886802e+00
  -1.2897760173046982e+00
  -7.2297180695647933e-01
  -1.1196507396578794e+00
  -2.3344219893171640e+00
  -1.7024511000503812e+00
  -1.8564877479851347e+00
  -1.3039803432253001e+00
  -6.7467332402504088e-01
  -1.2732305362000651e+00
  -8.8236060741006617e-01
  -1.2239151630936012e+00
  -2.3561700388544346e-01
  -1.3056770184119095e+00
  -1.2295476238460177e+00
  -6.2627618867543255e-01
  -6.1688963883413106e-01
  -1.6092079905387651e+00
  -4.4891549657196850e-01
  -9.6072513494004563e-01
  -1.9096394946592823e+00
  -6.8646019059876262e-01
  -1.4824422468844416e+00
  -1.2896196614526494e+00
  -7.4578062142859358e-01
  -1.4478957752292423e+00
  -6.9758205511295845e-01
  -3.1252838412166511e-01
  -6.5357160574508832e-01
  -2.0747373107264555e+00
  -1.7544319224557334e+00
  -2.5506719725104392e+00
  -9.6806877555518223e-01
  -9.7949145003417348e-01
  -2.6169732503377228e+00
  -1.5090886961118697e+00
  -1.7947250951846401e+00
  -1.0074369112852379e+00
  -1.0864028381653428e+00
  -1.1983364619921699e+00
  -1.0663614194632403e+00
  -1.4647801319287734e+00
  -1.1645617986174974e+00
  -1.5701639056126768e+00
  -1.1442000114358961e+00
  -7.3965848786156352e-01
  -7.2935189436120207e-01
  -1.2097425777813315e+00
  -8.1886350085567472e-01
  -1.3775350243842071e+00
  -2.3427241672857235e+00
  -1.4755074449222008e+00
  -9.5188308538463984e-01
