  -5.6063716368207128e+00
  -4.9429151971254770e+00
  -4.4549916463884323e+00
  -3.5506019339775090e+00
  -3.4912565222706804e+00
  -4.0183197286874410e+00
  -3.0635388243159984e+00
   8.1303157977503301e-02
  -9.3795090555823926e-02
  -1.2562625949681407e+00
   1.7999789731478139e-01
  -1.2992030083070532e+00
   4.6789185908298309e-01
  -2.0767842179393372e+00
  -3.1690157452238501e+00
  -1.4425725228356051e-01
  -6.4052823305272510e-01
  -6.2794634020992246e-01
  -1.8590866902024115e+00
  -2.3234990075088686e+00
  -9.3344283083838697e-01
  -3.9300170376009802e-01
  -1.1745193023956901e+00
  -2.9012326168354075e+00
  -8.1403375927447152e-01
  -5.5603883190758263e-01
  -5.5348083576466178e-01
  -2.2914334998763679e+00
  -1.9554203847978298e+00
  -5.1660430759659037e-01
  -3.4468745054834982e-01
  -1.3379934702677223e+00
  -1.8093620606749659e+00
  -1.5084720811288428e+00
  -7.4178462501825471e-01
  -7.5372732923046604e-01
  -3.9355985546521904e-01
  -1.3310526278049086e+00
  -2.1652587967817394e+00
  -5.6681092872011574e-01
  -2.4615576702719272e-01
  -6.4179442511574070e-01
  -9.4389188859115147e-01
  -1.8084932069945183e+00
  -1.0890951424323425e+00
  -2.4315517406645076e-01
  -1.0871578622434450e+00
  -1.6437166678581459e+00
  -1.2393941796580801e+00
  -6.1770020586391128e-01
  -5.1139121131119369e-01
  -1.7012416169845972e+00
  -1.3999733199758122e+00
  -7.1623122421323704e-01
  -1.0265171232017298e+00
  -1.9919700850297006e+00
  -4.4282896855709014e-01
  -3.4371076034498638e-01
  -1.5180676606260959e+00
  -1.5583375202208400e+00
  -3.8915747297369335e-01
  -5.8162658741263429e-01
  -7.9425871886121768e-01
  -1.6468743251802593e+00
  -1.1737495849886550e+00
  -5.5545783989734510e-01
  -1.6668001228782672e+00
  -1.3826093755088351e+00
  -6.1695836237890522e-01
  -1.1049213884190534e+00
  -2.6788260771958545e+00
  -1.8496499010127272e+00
  -1.8662397158714752e+00
  -1.4502000213593331e+00
  -7.6319580718233671e-01
  -7.2958769190437200e-01
  -1.1039349455946295e+00
  -1.3754296540470190e+00
  -5.5821506585533753e-01
  -6.2096697179376781e-01
  -1.4020870580891849e+00
  -1.0298802771288875e+00
  -7.2914112906864459e-01
  -9.2660355281551854e-01
  -1.4877190567830154e+00
  -9.9032165417748896e-01
  -7.4494362249557289e-01
  -2.2567414888168531e+00
  -2.1864805859513616e+00
  -6.4627598380107365e-01
  -1.5889430331589200e+00
  -1.1479027308538234e+00
  -5.9342917472850687e-01
  -6.6608026928879849e-01
  -1.2835590817223541e+00
  -1.0698896609599595e+00
  -7.4537141389933459e-01
  -7.8018109849641470e-01
  -1.4777128136520903e+00
  -1.4693590872189055e+00
  -1.7702544824628297e+00
  -2.0073014014006105e+00
  -1.3960722543448623e+00
  -6.2685617561760898e-01
  -9.6415815190474907e-01
  -1.5388289477364974e+00
  -4.9130627115902986e-01
  -1.2771785061001404e+00
  -1.4389334891971999e+00
  -1.5380180274803403e+00
  -1.6657342420827341e+00
  -1.7692435003534264e+00
  -9.8185247825938449e-01
  -1.2241760208150039e+00
  -1.5285274224193510e+00
  -5.2828789375725660e-01
  -1.3121480413918074e+00
  -1.1058099235816210e+00
  -7.1009059319130963e-01
  -7.2111117184160523e-01
  -1.6310561837053379e+00
  -4.3040471533582841e-01
  -1.0908708167630154e+00
  -1.6269992641163318e+00
  -2.2229756199160731e+00
  -2.1695353309922853e+00
  -1.7925315507220010e+00
  -7.6508096642564183e-01
  -7.5652865822953719e-01
  -1.6023534246023834e+00
  -5.3180995640915374e-01
  -6.1709423326163348e-01
  -1.6183509250666910e+00
  -1.1474180083925651e+00
  -6.6504874076559928e-01
  -2.0151670808439039e+00
  -1.4635726615511020e+00
  -8.3275979464297467e-01
  -1.2763137411404502e+00
  -9.2191733039229018e-01
  -4.7317996234974824e-01
  -6.9290717633602217e-01
  -8.4039920203282481e-01
  -4.6571989129844787e-01
  -1.0077055048705765e+00
  -1.4393367688376499e+00
  -7.7673963453928918e-01
  -8.8865220714679349e-01
  -1.5428043351779686e+00
  -7.3611249085144637e-01
  -1.0412143264616516e+00
  -1.8855589885411586e+00
  -1.2641290183913161e+00
  -2.4103407619672055e+00
  -1.6953630554938450e+00
  -9.3693561690636895e-01
  -1.3477808427158122e+00
  -6.7374791400133760e-01
  -4.2077043256349189e-01
  -1.3405594924158739e+00
  -1.1390499514948444e+00
  -1.8040008272140931e-01
  -1.3714587599523407e+00
  -1.3201437085711798e+00
  -9.5192172738992564e-01
  -1.7652782317571625e+00
  -1.3426226023530150e+00
  -1.0839830174753788e+00
  -1.1832950625099683e+00
  -1.1143487069816487e+00
  -5.2868204478411496e-01
  -1.2925281768122281e+00
  -1.4122427296261140e+00
  -8.7476759355138678e-01
  -1.7768077387802439e+00
  -2.1118408238275510e+00
  -1.9962898858920970e+00
  -1.6213668591805512e+00
  -9.6248217700259830e-01
  -1.6269354300660519e+00
  -1.5683913782155103e+00
  -9.4642951519964535e-01
  -1.4170925313423730e+00
  -1.8757935265520846e+00
  -1.4272660493662310e+00
  -1.6697456634318719e+00
  -9.3289415985246626e-01
  -7.8298034634522551e-01
  -1.3965361622399048e+00
  -9.3755590153936619e-01
  -4.3115238798373168e-01
  -1.2674873860689386e+00
  -6.7751036496490691e-01
  -1.3388054662342852e+00
  -2.1418204945395480e+00
  -1.7234379778907982e+00
  -1.0393916130020135e+00
  -1.1362401078115389e+00
  -9.0666269038344749e-01
  -4.4207353643911873e-01
