   1.6813860832965119e-01
   5.6817229086427345e-01
   5.9346701556726988e-01
   6.0693818798999855e-01
   9.2181508078037155e-01
   2.3955465023353231e+00
   2.9579991452009620e+00
   1.2425612851355381e+00
   2.7859966372618659e+00
   1.5501246808467470e+00
   2.4311509243857885e+00
   2.0424083821499903e+00
   2.0528985990477544e+00
   2.0740019859940682e+00
   2.5019647268859226e+00
   3.4437510266499949e+00
   2.7220455923671194e+00
   2.4840079738848466e+00
   1.9415680766898209e+00
   2.5088783423924621e+00
   2.7486452755406363e+00
   3.4418947008010945e+00
   2.4156822109645910e+00
   2.3569463064039895e+00
   2.9777424703743303e+00
   2.8484927498827712e+00
   2.6091009561685428e+00
   2.4910750805375610e+00
   2.6917382303116675e+00
   3.1317135565205478e+00
   2.5011132518920833e+00
   2.3932510340794710e+00
   2.4851379250886327e+00
   2.8632403797327353e+00
   2.6962102693650443e+00
   1.8581257815949206e+00
   2.3144335136035790e+00
   2.8467913548764807e+00
   2.6433332945016850e+00
   2.1771281646823284e+00
   2.1470835557199082e+00
   2.6049837363220334e+00
   2.7747705168764409e+00
   2.5714030861276611e+00
   2.0319626835801134e+00
   2.1780638257703564e+00
   2.6438271580469994e+00
   2.7979102840270200e+00
   2.2564279773230993e+00
   2.2880262619652409e+00
   2.4651590548661830e+00
   2.9055569273655988e+00
   2.3034499328356550e+00
   2.4077111931761261e+00
   2.4209977292599425e+00
   2.5347712364277029e+00
   2.4166491895382975e+00
   2.4981543378095128e+00
   2.5201480428232825e+00
   2.3846785461491935e+00
   2.4469521218635579e+00
   2.3443647199492155e+00
   2.4758847692003672e+00
   2.4812560191565698e+00
   2.8932730974498257e+00
   2.3784658785292252e+00
   2.6009564006238528e+00
   2.9530472076194418e+00
   2.3214899511867939e+00
   2.5165347433893608e+00
   2.8921271769273136e+00
   2.2840879312995122e+00
   2.2940114943911585e+00
   2.4293004169834802e+00
   2.5366960451836942e+00
   2.4139786701640991e+00
   2.0481450847447458e+00
   2.5173685972760431e+00
   2.7101520007859929e+00
   2.5147649015131215e+00
   3.3007704412396603e+00
   2.6278870222091042e+00
   2.4975940415718902e+00
   2.3463540427013845e+00
   2.7675507285162912e+00
   2.4257775720188062e+00
   2.1937493806183430e+00
   3.1077373989170129e+00
   2.6570940630038189e+00
   2.8297458078871647e+00
   2.5412527579811881e+00
   2.3044293345460907e+00
   2.1754192129444552e+00
   2.3884252940379320e+00
   2.4696077070456783e+00
   2.4283025187380858e+00
   2.1191123165229859e+00
   2.2786299937951284e+00
   2.3758827008835395e+00
   2.6081151151079962e+00
   2.1122878952425403e+00
   2.2295334418326624e+00
   2.6433073148371595e+00
   2.4857628745881120e+00
   2.7522701142396113e+00
   2.9003542736548438e+00
   2.5639537581148071e+00
   2.1442860364078538e+00
   2.5458014571962084e+00
   2.5764437778252027e+00
   2.0500248464378776e+00
   2.2700789832056674e+00
   2.6064772206076072e+00
   2.4278209859622568e+00
   2.3281294266813610e+00
   2.2345030921026710e+00
   2.6904768221252398e+00
   2.2640982815262687e+00
   2.1511245131088730e+00
   2.2573007195445753e+00
   2.6860124895426276e+00
   2.1304153294316559e+00
   2.1333118516574654e+00
   2.4885869982545539e+00
   2.5506751928837534e+00
   2.2541390212544306e+00
   2.3834279406068481e+00
   2.9548799526324019e+00
   2.4283629249447749e+00
   2.5582919642177115e+00
   2.4451097907498767e+00
   2.5959924120141160e+00
   2.4225068454364513e+00
   3.5359770363481480e+00
   2.5819436585689757e+00
   2.4784910230374333e+00
   2.9424313596569953e+00
   2.2669679615875800e+00
   2.3092142788352610e+00
   2.4917105130534938e+00
   2.5134367385554039e+00
   2.0301797806343167e+00
   2.7479168114007022e+00
   2.5909332806630121e+00
   2.7241993820818369e+00
   2.8365846509059631e+00
   2.2677797890780185e+00
   2.6779110337778000e+00
   2.5095002504568469e+00
   2.7600144403509370e+00
   2.9660231459455786e+00
   2.5789991113695270e+00
   2.0708331288554893e+00
   2.4153217487102268e+00
   2.4649120548377561e+00
   1.9998288063927638e+00
   2.3661347193829578e+00
   2.5136802375690701e+00
   2.3635058552717521e+00
   2.2013398469502659e+00
   2.2374588987673927e+00
   2.4854745331270176e+00
   2.2463253888030867e+00
   2.3898916759010471e+00
   2.5418741906393008e+00
   2.3414818012162426e+00
   2.4020967487391043e+00
   2.5489128161754797e+00
   2.5711986231480748e+00
   2.6770965647373859e+00
   2.6270838192127766e+00
   2.5265611412777624e+00
   2.2316771120572176e+00
   2.4619959573840178e+00
   2.4853136635503725e+00
   2.2203519061134780e+00
   2.7020787461928686e+00
   2.9531118612963412e+00
   2.5185906450569817e+00
   2.8555784103412609e+00
   2.3361599843676091e+00
   2.3011498059663933e+00
   2.8042366497808593e+00
   2.2554609699356263e+00
   2.8081053100146924e+00
   2.3525098776633375e+00
   2.0354941261294810e+00
   2.4641239698944206e+00
   2.3786428659168370e+00
   2.4084562692626159e+00
   3.1593100933954839e+00
   2.9342149843848730e+00
   2.3363227246012546e+00
   2.6942937706375356e+00
   2.2037419594427035e+00
   2.3565369178053279e+00
   2.7996550655771091e+00
   2.2022722223844760e+00
   2.6075189436057582e+00
   2.4718368754346445e+00
