   1.5532986427394016e-01
   4.6399065326083599e-01
   5.6739745047339818e-01
   5.9772106105946721e-01
   8.1728242465427181e-01
   1.4908660415427739e+00
   3.2516855696106308e+00
   1.4047832732184991e+00
   2.3499208047496993e+00
   2.0988859888744082e+00
   2.2399587985068785e+00
   2.6475130813032450e+00
   2.4856631401677189e+00
   3.7657454374710007e+00
   2.4073762208129845e+00
   2.0768189344887973e+00
   2.2732646368364198e+00
   2.5664522356314490e+00
   3.2615281629547876e+00
   2.6823682307258738e+00
   2.3855356107560839e+00
   2.1258540776070762e+00
   2.5567991808451449e+00
   3.3706987803242221e+00
   2.5644037474560806e+00
   2.4273902334999780e+00
   2.3022282112614145e+00
   2.7335731816823738e+00
   3.1734555654626266e+00
   2.1472578328920804e+00
   2.2170058980941612e+00
   2.5341464964206666e+00
   3.1711350492530825e+00
   2.4885862979379745e+00
   2.1525304918817816e+00
   2.5794982397949844e+00
   2.6595648262439675e+00
   2.5062908259166599e+00
   2.2872974476930215e+00
   2.5038696866146251e+00
   2.7002670854505162e+00
   2.7035622189872561e+00
   2.1787862562533311e+00
   2.2971241595567373e+00
   2.5056964603965786e+00
   2.6718777532668532e+00
   2.4633342512692260e+00
   2.0048300771092347e+00
   2.5376943351639047e+00
   2.4955958271885623e+00
   2.9073436018992309e+00
   2.2783463148409586e+00
   2.3394744735407600e+00
   2.7659049381745304e+00
   2.5732649975209898e+00
   2.0262002586678447e+00
   2.3777675567958503e+00
   2.5876945118281376e+00
   2.6266125600835371e+00
   2.3360798392843027e+00
   2.2425085167639209e+00
   2.4562404375722959e+00
   2.8254428723952603e+00
   2.1775280891164046e+00
   2.1015480533489224e+00
   2.7099331213047186e+00
   2.6469259627329200e+00
   2.1099137394743486e+00
   2.3376294616692350e+00
   2.7630352063736283e+00
   2.6087930817522369e+00
   2.8804891134676298e+00
   3.0167863157895458e+00
   2.9665938337402498e+00
   2.1413513207720052e+00
   2.2709815544643344e+00
   2.5336043791065501e+00
   2.5445212202065255e+00
   2.1868580664771904e+00
   2.0229997278993919e+00
   2.5271536208483290e+00
   2.7889266331315565e+00
   2.0929313361902047e+00
   2.2573588654367853e+00
   2.6035258433569406e+00
   2.4249654253717798e+00
   2.3811154385588176e+00
   2.8372384856145576e+00
   2.9319180882032359e+00
   2.7475983834267574e+00
   2.3275828193451429e+00
   2.4577033460780808e+00
   2.4138649792736566e+00
   2.1941167517422668e+00
   2.3046958115893705e+00
   2.4188191317557450e+00
   2.5563336447535523e+00
   2.2846337176682194e+00
   2.6748671147272174e+00
   3.0594858593224981e+00
   2.4805017399117149e+00
   2.6460162388377375e+00
   2.5798982281879659e+00
   2.0187704623359619e+00
   2.2812270592335397e+00
   2.3259296569265699e+00
   2.4936448456828679e+00
   2.3809187935232745e+00
   2.5025789483660343e+00
   2.6446981664141420e+00
   2.7650039848276240e+00
   2.6955784439449895e+00
   2.4826229401135333e+00
   2.5491777850796771e+00
   2.1235884646118426e+00
   2.5715664831522949e+00
   2.6056707768894976e+00
   2.1694729742058856e+00
   2.2922797450105854e+00
   2.7903617843577084e+00
   2.2153830387518685e+00
   2.3361868727141797e+00
   2.9112226240808465e+00
   2.1228081322748111e+00
   2.2975756756122752e+00
   2.9909028927524428e+00
   2.4957522670652974e+00
   3.2901206141280039e+00
   2.6312002564674586e+00
   2.2732259252532288e+00
   2.4279407194905964e+00
   2.6690434184433491e+00
   1.8737400808601528e+00
   2.3708449202518485e+00
   2.7557412864937687e+00
   2.3466396101689542e+00
   2.2967817134419710e+00
   3.0417998745384565e+00
   2.4615985656905304e+00
   2.7869678658063557e+00
   2.6221122871741276e+00
   2.3447336679490802e+00
   2.1066371589006558e+00
   2.6548329420871335e+00
   2.4070938387408325e+00
   2.1554862070764131e+00
   2.2013951818606756e+00
   2.6155082445992175e+00
   2.3115459431291336e+00
   2.2596640324795949e+00
   2.7812964660288810e+00
   2.9650318788643086e+00
   2.6891495582784763e+00
   2.7219235246854447e+00
   2.2455288463199174e+00
   2.2667470416170663e+00
   2.3210075400807537e+00
   2.3878229711443915e+00
   2.2126829751649706e+00
   2.1386188227732985e+00
   2.6403538116202410e+00
   2.2507347199213776e+00
   2.0463491101518256e+00
   2.4695066751668047e+00
   2.4433107449684495e+00
   2.0838626009887204e+00
   2.7617982047775773e+00
   2.5352025274896346e+00
   2.3778290375806961e+00
   2.7641648875486013e+00
   2.3601621787454565e+00
   2.6233732732165227e+00
   2.6544962613273828e+00
   2.3053003016597051e+00
   2.2141366941872325e+00
   2.5865970027562182e+00
   2.9069181466007596e+00
   2.8884408530217711e+00
   2.9435387316670307e+00
   2.1364783300855015e+00
   2.9194589542988507e+00
   2.9360731666745723e+00
   2.6243037539801781e+00
   2.5951484418857156e+00
   2.2173853994912682e+00
   2.5323758103119185e+00
   2.3226351953587381e+00
   2.6065949580088064e+00
   2.5332999441206332e+00
   2.5583350128054190e+00
   2.6090960535576597e+00
   2.2550388734001570e+00
   2.2756810088308921e+00
   2.2983725754355824e+00
   2.4791292980854580e+00
   2.2009446652047697e+00
   2.8663515295788082e+00
   2.7960468901385225e+00
   2.3637663552686794e+00
   2.4637955941137690e+00
