   1.6369010722349756e-01
   4.8636412920262861e-01
   5.2261581794152534e-01
   5.8482733814044630e-01
   9.0895264411329768e-01
   9.4426586371785093e-01
   2.5032547918924610e+00
   1.9617580312796941e+00
   1.5942939595216115e+00
   2.5213869536686135e+00
   1.9785275995042060e+00
   2.6788555790787765e+00
   2.0686940563014078e+00
   3.3357531182741256e+00
   3.2267798490510344e+00
   2.2020819456983340e+00
   2.6701319609146252e+00
   2.7112909982349702e+00
   3.1216160574134624e+00
   2.7895529998355695e+00
   2.2664478331536784e+00
   2.4002007571323176e+00
   2.6515791747843815e+00
   3.3015405327733736e+00
   2.5385023368085942e+00
   2.2631438560199117e+00
   2.6681074571218995e+00
   3.2247201677596986e+00
   2.4634521991430587e+00
   2.4782701054300520e+00
   2.6513052162128008e+00
   2.9362760368953831e+00
   2.5283055490860269e+00
   2.6521276677605816e+00
   2.3662477054401316e+00
   2.4979621348924113e+00
   2.8218878196448869e+00
   2.6444477990993711e+00
   2.1466319163151550e+00
   2.2571838773586430e+00
   2.3658988437124706e+00
   2.7448328728521632e+00
   2.6791260965052084e+00
   2.1987853156517612e+00
   2.1853028435938473e+00
   2.4283983585002025e+00
   2.7998510185893366e+00
   2.4888220634302551e+00
   2.3056467130866234e+00
   2.2799382254282299e+00
   2.2004249047387452e+00
   2.7956976289676265e+00
   2.6181124806354958e+00
   2.0502634031339850e+00
   2.3550644492166253e+00
   2.9990603911909002e+00
   2.4150827621617523e+00
   2.0172024825594570e+00
   2.0374067686970805e+00
   2.7464484106421256e+00
   2.6655856791992427e+00
   2.4187135199317389e+00
   2.1593683278598674e+00
   2.3941580926724786e+00
   2.8495116221257448e+00
   2.2168559010527740e+00
   2.2296350877428712e+00
   2.3340663090611948e+00
   2.7647930775203062e+00
   2.4915298497225908e+00
   2.1613424429787274e+00
   3.2137005630672735e+00
   2.9073122645527132e+00
   2.3571527305059394e+00
   2.8442922729964120e+00
   2.4930215925395514e+00
   2.1292214978674542e+00
   2.0926511913644426e+00
   2.3262837195635608e+00
   2.6784948829801727e+00
   2.4564253427892049e+00
   2.1003503923530595e+00
   2.1106228366166890e+00
   2.9988621544136072e+00
   2.2857997602810425e+00
   2.0572289086218722e+00
   3.0526614236447056e+00
   2.9191756264507442e+00
   2.2709809833623389e+00
   2.7383105319502419e+00
   2.3964626004293925e+00
   2.1779654442095064e+00
   2.2345613672563447e+00
   2.6068971022727956e+00
   2.4650157756208393e+00
   2.3284223549051233e+00
   3.0913287737144048e+00
   2.7014022965960542e+00
   2.4120382314784781e+00
   2.6523609741730838e+00
   2.2024657406329990e+00
   2.3098621522234044e+00
   2.4461301087530831e+00
   2.3264459291104438e+00
   2.1351110307052532e+00
   2.2937686165893472e+00
   2.6046328387774405e+00
   2.2946407616497582e+00
   2.4413611440083889e+00
   2.9634892414808220e+00
   2.6056974193779809e+00
   2.4742148414367753e+00
   2.4860307498128238e+00
   2.2746189950565001e+00
   2.4470260633099850e+00
   2.4545741715662199e+00
   2.3284903460490569e+00
   2.4224390140697909e+00
   2.3899587157093682e+00
   2.3375357191502792e+00
   2.5920464890447747e+00
   2.2696691461738960e+00
   2.8891132211389094e+00
   3.0845818973783099e+00
   2.6124799003323314e+00
   2.9535220998099079e+00
   2.1673276316656711e+00
   1.9709539757622589e+00
   2.8839804546729848e+00
   2.4522418082965944e+00
   2.5116616507319938e+00
   2.8009254118869489e+00
   2.4139345286170668e+00
   2.2815900613180777e+00
   2.6803034087207314e+00
   1.9700651717993567e+00
   2.3125201781664186e+00
   2.7211522702010313e+00
   2.4156337516105819e+00
   2.2974323758309998e+00
   2.4858473640095458e+00
   2.4801835455060410e+00
   2.3079556017347707e+00
   2.3560837714487191e+00
   2.5683234014621861e+00
   2.2376369934976235e+00
   2.6127741417772135e+00
   3.1096750319119457e+00
   2.5629321525494970e+00
   2.9143810154684853e+00
   2.0985087437582814e+00
   2.3570631086559493e+00
   2.4839560766776758e+00
   2.1225120731922402e+00
   2.1294717617687935e+00
   2.4636118719061773e+00
   2.6373058489738157e+00
   2.1211859333016863e+00
   2.7424582606401837e+00
   2.4723354541002429e+00
   2.5216585189897724e+00
   2.4895903921176705e+00
   2.5569723644709952e+00
   1.8936159638135963e+00
   2.7227096019416677e+00
   2.2360191787173629e+00
   2.4488530792542966e+00
   2.4560528601076554e+00
   2.7814950170895854e+00
   2.7205206001298667e+00
   3.0248657323879828e+00
   2.1657341294635590e+00
   2.4442947102933710e+00
   2.6857262938434068e+00
   2.6016607931015683e+00
   3.2259851386156093e+00
   2.9332141639706033e+00
   2.4747818955968848e+00
   2.9479664850798075e+00
   2.4434076258428181e+00
   2.8105414600979848e+00
   2.2267246203303483e+00
   2.3016227021646851e+00
   2.3717380673041921e+00
   2.3844833827550205e+00
   2.3816692561512154e+00
   2.1873680718110635e+00
   2.2395702769200470e+00
   2.2500801242735271e+00
   2.5875694939267619e+00
   2.5204823636863538e+00
   3.1188582113942824e+00
   2.3505268259439225e+00
   2.2297243570018175e+00
   2.5981771443881287e+00
   2.1583585953974844e+00
   2.3710932064395096e+00
   2.5828966015480748e+00
   2.4387094744408211e+00
   2.5437867986679978e+00
