   5.5942420679684779e-01
   4.9377023775004897e-01
   3.5348516220219961e-01
   4.4898571577773277e-01
   6.2298988048309678e-01
   7.5385520502367465e-01
   1.5535704351252644e+00
   3.1441041055885921e+00
   1.6794383915874644e+00
   2.1879621366293711e+00
   1.8324523440772986e+00
   2.1186773265474961e+00
   2.4357456994694431e+00
   2.8003948699124215e+00
   3.5140654365836981e+00
   2.1469047807471777e+00
   2.1525795282884692e+00
   2.6232900138227877e+00
   3.2480174577132144e+00
   2.7744937593198240e+00
   2.1205718464387688e+00
   2.2151597843444586e+00
   2.8412079174761424e+00
   3.0442849229117730e+00
   2.3583945078372666e+00
   2.2018936320288640e+00
   2.9323488212028335e+00
   2.7982793515072295e+00
   2.3038639222773738e+00
   2.6172028166624388e+00
   2.9376905740184669e+00
   2.7008617953091956e+00
   2.3925337474748556e+00
   2.0471614226421919e+00
   2.7197471356781246e+00
   2.7378011779944988e+00
   2.2365487882703428e+00
   2.0291507293184701e+00
   2.7470635967215751e+00
   2.8672441474880186e+00
   2.1613708591853023e+00
   2.1038820751783409e+00
   2.5721744296454827e+00
   2.9440522155351130e+00
   2.2274710325028564e+00
   2.1393465483528362e+00
   2.3458680518952431e+00
   2.7827038950862000e+00
   2.5527223583664229e+00
   2.4462920437474738e+00
   2.4452743409876794e+00
   2.8580489356574446e+00
   2.5953476083827285e+00
   2.3421462828522750e+00
   2.3960825003215924e+00
   2.6184703769347810e+00
   2.5404132516989777e+00
   2.3693964174856927e+00
   2.5157138907587910e+00
   2.6378891363643078e+00
   2.3836771954605793e+00
   2.3519186711206337e+00
   2.4485097990052682e+00
   2.5114003968180354e+00
   2.7071829653361061e+00
   2.0872189132706960e+00
   2.2688118549854410e+00
   2.7576869357301774e+00
   2.5531853675595451e+00
   2.5613976798178073e+00
   3.2663465781921666e+00
   2.7976244326146085e+00
   2.2463536485857083e+00
   2.6670199657603608e+00
   2.3812688706191452e+00
   2.0071762192676417e+00
   2.6841433842830607e+00
   2.5208903450804394e+00
   2.3712077389901030e+00
   2.4696339688474893e+00
   2.9150564865993589e+00
   2.3206535341969445e+00
   2.4552170002378806e+00
   2.8688834221976296e+00
   2.2372778459107390e+00
   2.2271883614257613e+00
   2.6194121970785735e+00
   2.4021749510171690e+00
   2.3310082887572983e+00
   2.2118256662337719e+00
   2.9268007513102203e+00
   2.6819757035064877e+00
   3.0137858860830371e+00
   2.6406477595997688e+00
   2.3634434138792435e+00
   2.2646359457408436e+00
   2.3356898071645378e+00
   2.4491162921532799e+00
   2.3697529758360321e+00
   2.4524036197597887e+00
   2.4368008283914295e+00
   2.9716697898296247e+00
   2.7072000761016501e+00
   2.7377362329621739e+00
   2.4688356078397442e+00
   2.0611331065346250e+00
   2.3750544390851904e+00
   2.4254187919201824e+00
   2.3694219958930809e+00
   2.3444672634674002e+00
   2.2933578553485656e+00
   2.3976091287889427e+00
   2.7619070246057524e+00
   2.7311078025827933e+00
   2.7545982168504697e+00
   2.4603921386304077e+00
   2.1666351665133363e+00
   2.6091345961725261e+00
   2.4207904953822301e+00
   2.2720878166216205e+00
   2.4963526705692693e+00
   2.3959640418886639e+00
   2.3435318878366820e+00
   2.4018606573430463e+00
   2.4448348410565139e+00
   3.1256085720063855e+00
   2.7952232200963478e+00
   2.9701334863615934e+00
   2.3053391081815269e+00
   2.3062344486960829e+00
   2.5544257786901179e+00
   2.2917656106062445e+00
   2.2511019795115175e+00
   2.3310007134477582e+00
   2.4616763359979768e+00
   2.2923525588426905e+00
   2.2222366377259757e+00
   2.5245375000592696e+00
   2.4625138028261087e+00
   1.9418881391874963e+00
   2.3691523209249694e+00
   2.4585594388032952e+00
   2.2222734077030966e+00
   2.0173615365655193e+00
   2.5045846207059426e+00
   2.4600099174857339e+00
   2.2092129923584292e+00
   2.2423032813006563e+00
   2.4588538808812221e+00
   2.2821370981290041e+00
   2.2887006139712227e+00
   2.2847226378029699e+00
   2.5873468866933509e+00
   2.2014849977599478e+00
   2.4333501489471425e+00
   2.9404410164576769e+00
   2.6816890921425416e+00
   2.9619312911283449e+00
   2.3920408742122254e+00
   2.4171532704055458e+00
   2.5908912380799571e+00
   2.8932423164966616e+00
   2.4667991464599504e+00
   2.4894687093739933e+00
   2.9028613870208040e+00
   2.3001041694360702e+00
   2.4545981505552694e+00
   2.8541638544753831e+00
   2.6910952111463016e+00
   2.8854710084312147e+00
   2.6244187999766426e+00
   2.3102276191718594e+00
   2.4626426166949908e+00
   3.0633834348188431e+00
   2.5406635327979039e+00
   2.6932968773855572e+00
   2.6332560708644204e+00
   2.1191407815174879e+00
   2.5998318686689474e+00
   3.2152700852396587e+00
   2.7535366292329617e+00
   2.6977017566812931e+00
   2.3259170792242156e+00
   2.1814720991605534e+00
   2.5899695801753877e+00
   2.3690531689419023e+00
   2.2278951651632584e+00
   2.6826212439991703e+00
   2.7243521285086447e+00
   2.3190923449499752e+00
   2.4978944954392737e+00
   2.4057667860080634e+00
   2.3178000940430454e+00
   2.7434551201941613e+00
   2.8066689853568598e+00
   2.4525665672149750e+00
   2.5062016974682728e+00
   2.4896421904346209e+00
   2.5165662726346025e+00
   2.7376067026464828e+00
