   1.6813861688907367e-01
   5.6817231112116717e-01
   5.9346708073520116e-01
   6.0695073167066693e-01
   9.2338884801319143e-01
   2.4354482754601499e+00
   2.9420066776765488e+00
   1.2698244669326251e+00
   2.8732976338684959e+00
   1.5288328236250766e+00
   2.5432699368044274e+00
   2.0020624804170946e+00
   2.1257587817916281e+00
   1.9200570499094440e+00
   2.1682640347252420e+00
   2.5168777254342767e+00
   3.0857142834953470e+00
   3.0475311342797244e+00
   2.0560286296238477e+00
   2.5691171322045365e+00
   2.8572563269076201e+00
   3.3314882653100173e+00
   2.3509530226792488e+00
   2.4051903553735121e+00
   2.9795785294576969e+00
   2.7397334382213216e+00
   2.5305160115633489e+00
   2.4789415654452580e+00
   2.6908761278625937e+00
   3.1471888884539716e+00
   2.5175639524671860e+00
   2.4778131841849707e+00
   2.6278185643998384e+00
   2.9914797268488069e+00
   2.6737465339270297e+00
   1.8958986423716984e+00
   2.4871313831848876e+00
   2.8931080607543862e+00
   2.4783229431117184e+00
   2.1309530538606234e+00
   2.1162939762263488e+00
   2.5391483728979529e+00
   2.7496140443711985e+00
   2.6005019764423252e+00
   2.0770586343293962e+00
   2.2837879838980841e+00
   2.7689208750294547e+00
   2.6447403008936816e+00
   2.1510633983890437e+00
   2.3285091680042567e+00
   2.6252042808466629e+00
   2.8093922191856611e+00
   2.1809924647105752e+00
   2.3926591903167207e+00
   2.4010179177249977e+00
   2.4959719197858230e+00
   2.3553014018110936e+00
   2.4873763006379748e+00
   2.4849806415073603e+00
   2.3719221986268977e+00
   2.4143163490896979e+00
   2.3560386597214764e+00
   2.4740324912223013e+00
   2.4867572512243981e+00
   2.8057337823991078e+00
   2.2783500100038898e+00
   2.4925615530413099e+00
   2.9979677824546904e+00
   2.3944605727958326e+00
   2.5720303149490520e+00
   2.8838393797333097e+00
   2.2381033730569553e+00
   2.3427166667674846e+00
   2.4726857404516549e+00
   2.5427091449346046e+00
   2.3749520333397447e+00
   2.0856871468317983e+00
   2.5649139478268701e+00
   2.6120577199483002e+00
   2.1598385250199272e+00
   2.5571986102742104e+00
   2.8873449132003333e+00
   3.0194172448219474e+00
   2.7441330478079431e+00
   2.9233512810103810e+00
   2.3793390498986859e+00
   2.0348887409117853e+00
   2.6244799211956935e+00
   2.4047297172479301e+00
   2.1433790167843632e+00
   2.3178207094269547e+00
   2.6344828443480899e+00
   2.8514960248208898e+00
   2.8192175617110387e+00
   2.7656625197302902e+00
   2.5468625755870158e+00
   2.1222030399616783e+00
   2.2762002583853227e+00
   2.3721507350125979e+00
   2.6354976126598388e+00
   2.1279917992614656e+00
   2.2097658401702276e+00
   2.5838117518048569e+00
   2.3096049113991399e+00
   2.2156202798102957e+00
   2.1618871083826900e+00
   2.5535504039468431e+00
   2.5125873496352131e+00
   2.1326180666387451e+00
   2.8370952697270972e+00
   2.8739020875797201e+00
   2.4669723188336912e+00
   2.7107440679419721e+00
   2.5070149051752866e+00
   2.3667058000969425e+00
   2.2029592202581889e+00
   2.6813333643313380e+00
   2.3298480245752939e+00
   2.1738902431225906e+00
   2.2690113150124471e+00
   2.7181698115611077e+00
   2.1338405710665516e+00
   2.1305573925322796e+00
   2.4755918096538387e+00
   2.5142963131128937e+00
   2.1767440582691244e+00
   2.1166295953684826e+00
   2.6114517056557718e+00
   2.4404907868099315e+00
   2.6295397733807473e+00
   2.6233305479661668e+00
   2.8004101998137378e+00
   2.0513552947643463e+00
   2.4303091114595579e+00
   2.7635475349435121e+00
   2.0999844137554753e+00
   2.6111226028897092e+00
   3.1908932829951664e+00
   2.7383322985075118e+00
   2.6375541528450865e+00
   2.4284079060751873e+00
   1.9590452965757106e+00
   2.7030661400133180e+00
   2.4928150817912309e+00
   2.6548316110827752e+00
   2.9238097105147443e+00
   2.4205413589310782e+00
   2.8079841957577241e+00
   2.5078390215681607e+00
   2.3568392573128922e+00
   2.2273535174934898e+00
   2.4299876818344068e+00
   2.5090022517238855e+00
   2.0271241228686101e+00
   2.3476023981647809e+00
   2.6679011814832445e+00
   2.5122774943138575e+00
   3.0067610095318202e+00
   2.9296122143551551e+00
   2.3791676493890712e+00
   2.1614684981477992e+00
   2.4637134287171514e+00
   2.2042592626402016e+00
   2.2900212960674704e+00
   2.5006647489973322e+00
   2.5824580241407329e+00
   2.6267739268877213e+00
   2.7850043147842860e+00
   2.5124142856307166e+00
   2.4695147360262517e+00
   2.4560157980930524e+00
   2.6076670349787401e+00
   2.2242756424643848e+00
   2.2870777401766884e+00
   2.5245413593520181e+00
   2.1928837386861444e+00
   2.3096239936313716e+00
   2.7668719061949067e+00
   2.3475641728888421e+00
   2.5693759687161144e+00
   2.7631031429481463e+00
   2.3238700292229724e+00
   2.9807604808761599e+00
   2.4213693431679042e+00
   2.7995823478222386e+00
   2.6308755776400847e+00
   2.0660439125546302e+00
   2.4154159373244379e+00
   2.3822956131616402e+00
   2.1539675428506251e+00
   2.1168518471724092e+00
   2.7158591692689993e+00
   2.4950364725659004e+00
   3.0189751807966676e+00
   3.0220306894710385e+00
   2.2545657018707508e+00
   2.6138946047707798e+00
   2.2283938971459829e+00
   2.1000957350819207e+00
   2.5273766103507800e+00
