   1.6369010834357023e-01
   4.8636413056318667e-01
   5.2261571167345611e-01
   5.8482487121064108e-01
   9.0878022106156564e-01
   9.3496925846325163e-01
   2.4220719181586365e+00
   2.0288795774886426e+00
   1.6753144775949242e+00
   2.5026013949961650e+00
   2.0090685479047434e+00
   2.9826375441578699e+00
   3.0511006991511525e+00
   3.0304900991359500e+00
   2.4433919965324424e+00
   1.9683343346269651e+00
   2.5547315967956954e+00
   2.3887676053608304e+00
   3.0335060494979782e+00
   2.9718216717086756e+00
   2.4206489115779108e+00
   2.4257760019589498e+00
   2.4490334209135494e+00
   3.2875371369946644e+00
   2.7125770487586656e+00
   2.2980203087842366e+00
   2.4169943408260561e+00
   3.1098176676000340e+00
   2.6224225459980119e+00
   2.4949847374973473e+00
   2.6509542621127613e+00
   2.9650884720848181e+00
   2.5101195403218997e+00
   2.5663891267695922e+00
   2.2921106630480326e+00
   2.2796367475585542e+00
   2.4335032928263876e+00
   2.9919342393809623e+00
   2.4935958218637744e+00
   2.3170246414737052e+00
   2.3422419796337954e+00
   2.6974710701293239e+00
   2.8459996304450401e+00
   2.3162280626601670e+00
   2.2039690145317912e+00
   2.4664654252106608e+00
   2.7752488661359953e+00
   2.3875026358231968e+00
   2.2592244416144940e+00
   2.2968236122737467e+00
   2.2949305670815519e+00
   2.9043073639044588e+00
   2.4334863788501289e+00
   1.9990398513299863e+00
   2.4167382744065926e+00
   3.0407472151961703e+00
   2.3424545812669475e+00
   1.9890717599194316e+00
   2.0187741375522643e+00
   2.7269428792922010e+00
   2.6545469909111703e+00
   2.3944645397019015e+00
   2.1537328675947038e+00
   2.3185377685158266e+00
   2.8570476353383891e+00
   2.2883593652500105e+00
   2.3090198694611752e+00
   2.4707802529458180e+00
   2.9743497724511565e+00
   2.6574509823676338e+00
   2.9576946836197373e+00
   3.0033455711446977e+00
   2.0026293791404850e+00
   2.1103405494946812e+00
   2.6891606879246992e+00
   2.5100671502761811e+00
   2.1775855913407134e+00
   2.1101086227273087e+00
   2.3295169551815946e+00
   2.6772487477444495e+00
   2.5109672032594008e+00
   2.1464310826733852e+00
   2.1669937352236772e+00
   2.9421768710573075e+00
   2.2213608011768327e+00
   1.9375529077479947e+00
   2.2243653467143685e+00
   2.9506777258663699e+00
   2.4255481764061626e+00
   2.9850162300820284e+00
   3.0150116380886858e+00
   2.3062673910301381e+00
   2.1612502309545127e+00
   2.4547092753955155e+00
   2.5019422988574069e+00
   2.0602541802479113e+00
   2.4174381134123575e+00
   2.5570457674116565e+00
   2.4418179956337673e+00
   2.8659067371260916e+00
   2.8060262609757358e+00
   2.5410326721871077e+00
   2.5479308913297429e+00
   2.3816040191184911e+00
   2.1364574757966825e+00
   2.2170776322684400e+00
   2.5459083691146511e+00
   2.3080143659199548e+00
   2.2524140939414554e+00
   2.5787014145199016e+00
   2.7500557585339780e+00
   2.6788135477571635e+00
   2.7146327338281919e+00
   2.3704762813338900e+00
   2.5092811951477056e+00
   2.5168470851845632e+00
   2.3133581238475553e+00
   2.3771546329306714e+00
   2.3724560718778971e+00
   2.4238191064317700e+00
   2.8270170861618604e+00
   2.6291623958927950e+00
   3.3078117916767611e+00
   2.5910469308708430e+00
   2.2244378409529646e+00
   2.7484691952874556e+00
   2.1803495453308845e+00
   1.9605922269642642e+00
   2.7067885392499056e+00
   2.2513825278626931e+00
   2.0918312490669058e+00
   2.4540828836068043e+00
   2.7171734902261919e+00
   2.2252385520855715e+00
   3.0896532380963624e+00
   2.3934238168812145e+00
   2.3971834703317656e+00
   2.7313867657554805e+00
   2.4308150544620157e+00
   2.3543963990617436e+00
   2.5535037495371617e+00
   2.4695779876129769e+00
   2.2331981259763563e+00
   2.2794866468904607e+00
   2.5043589419497509e+00
   2.1362777803047766e+00
   2.0555747167600660e+00
   2.7789579044641703e+00
   2.0225189082546402e+00
   2.5083159151429997e+00
   2.7876586108688231e+00
   2.7914859522837925e+00
   3.0175635025494287e+00
   2.3761621654312672e+00
   2.1624991348146039e+00
   2.4307658259248814e+00
   2.6207086709182987e+00
   2.0820638145324999e+00
   2.5333027061186790e+00
   2.3662467521605866e+00
   2.3754743101987752e+00
   2.3196564601174581e+00
   3.0210579847516819e+00
   2.0605159015232570e+00
   2.6981960961305482e+00
   2.2170303081993881e+00
   2.3882392854195098e+00
   2.4000934344688041e+00
   2.7605686468431050e+00
   2.5705710227968983e+00
   3.1705466798286612e+00
   2.3722771654970547e+00
   2.7011655408864028e+00
   2.9331401758817224e+00
   2.8949237929716842e+00
   3.1717398789812608e+00
   2.4905095480143853e+00
   2.4239265834472938e+00
   2.7823805861124438e+00
   2.4832396271287633e+00
   2.8085766883476988e+00
   2.1828972135594751e+00
   2.2686152617987014e+00
   2.2666564299385041e+00
   2.3479459451936520e+00
   2.4983937607612932e+00
   2.2451918567713047e+00
   2.2526046970294860e+00
   2.2895693966289379e+00
   2.4690359578559726e+00
   2.1222199407410565e+00
   2.7895417091424952e+00
   2.7712827213643836e+00
   2.5143307622190534e+00
   2.7414665302244869e+00
   2.1509683422110468e+00
   2.5319882442709534e+00
   2.6686675752533540e+00
   2.4635352802639918e+00
   2.4347551173303481e+00
