   1.3173911466831317e-01
   5.6425269323472638e-01
   8.0138394655763256e-01
   7.7217535310655383e-01
   7.3867401260583798e-01
   9.9778860610315856e-01
   2.4771977523786819e+00
   1.4744225595343077e+00
   1.9462222528725814e+00
   2.2868522130692441e+00
   1.9638124926229756e+00
   2.8636411989659485e+00
   2.4577715351212857e+00
   3.4418104653361334e+00
   2.6957113047594303e+00
   2.0837861627303296e+00
   2.5513382217866791e+00
   2.4760703142302880e+00
   3.1980575710409718e+00
   2.9490008597503041e+00
   2.2276220984996158e+00
   2.4411225134017518e+00
   2.6373957132202555e+00
   3.1701909302030211e+00
   2.6318654180274410e+00
   2.1926654424585403e+00
   2.1150611699678925e+00
   2.5733139063820900e+00
   3.1066493064164407e+00
   2.4926415456385280e+00
   2.4346996194664037e+00
   2.4091694335944207e+00
   2.7370194381278163e+00
   3.1786040371590172e+00
   2.3334183437402087e+00
   2.4678895252111674e+00
   2.5534371208488840e+00
   3.1507048360655343e+00
   2.1286700389119777e+00
   2.0010140639249006e+00
   2.1626998892016660e+00
   2.7038435272418684e+00
   2.8672661138030326e+00
   2.3319863618979264e+00
   2.1629346645329819e+00
   2.4228066703770512e+00
   2.0873373661309427e+00
   2.7300908355183435e+00
   2.7444392035285272e+00
   2.3751669076006325e+00
   2.0749680141829647e+00
   2.6272544838357805e+00
   2.7204911774393774e+00
   2.5291757910322197e+00
   2.1851263189386767e+00
   2.4578401709603459e+00
   2.4833691301369947e+00
   2.5900715173141386e+00
   2.2864511272369819e+00
   2.3281597433613896e+00
   2.6888003773882465e+00
   2.4912473513538300e+00
   2.4336830291577414e+00
   2.4611530192984659e+00
   2.2965951657656705e+00
   2.5439426147050099e+00
   2.5880895706901565e+00
   2.3332527040387427e+00
   2.3734652079404430e+00
   2.9919289436574674e+00
   2.8133890627447347e+00
   3.0173654352723185e+00
   2.7376935938728812e+00
   2.5910391907310122e+00
   2.0224568557534885e+00
   2.3692320098174351e+00
   2.7148846558475950e+00
   2.2378626030463526e+00
   2.2111755185865238e+00
   2.1778975331232333e+00
   2.7235663485672812e+00
   2.3655256351936984e+00
   2.1609753561537768e+00
   2.3204580199986320e+00
   2.6715922043345190e+00
   2.5246254434158693e+00
   2.2819228583798346e+00
   3.2122408454900957e+00
   2.7352207084872782e+00
   2.4479979991155933e+00
   2.6292353134319546e+00
   2.4933686717084442e+00
   2.0746013759807784e+00
   2.1240198540742945e+00
   2.3746535222792264e+00
   2.7073902633468565e+00
   1.9915719856830469e+00
   1.9044192783199865e+00
   2.8668924594239895e+00
   2.2555197516562635e+00
   2.1532422814415821e+00
   2.7816214090381939e+00
   2.9366480992529786e+00
   2.5921969234318167e+00
   2.6453689604790673e+00
   2.4130602612255223e+00
   2.2037208190964885e+00
   2.2643904251935978e+00
   2.3415807948752150e+00
   2.5823983680403999e+00
   2.5247857662079713e+00
   2.7035571167008356e+00
   2.8421539331656351e+00
   2.5845025269858133e+00
   2.2548366007093659e+00
   2.4508844222070096e+00
   2.6279970508041273e+00
   2.1524213162053072e+00
   2.3604096598863813e+00
   2.5569030979328096e+00
   2.3440223270377105e+00
   2.1896425221076101e+00
   2.7237623960530302e+00
   2.8644667399594446e+00
   2.7236906432356016e+00
   3.2991078377396543e+00
   2.0272422174907119e+00
   2.1684577501038853e+00
   2.7490035525102043e+00
   2.2138485583887464e+00
   2.1178619366782740e+00
   2.9191093564307464e+00
   2.6026237914775536e+00
   2.2882365945815408e+00
   2.8599469969751556e+00
   2.1444821169443382e+00
   2.3289165183514191e+00
   2.5768842283668909e+00
   2.2312055377431030e+00
   2.2833431376385485e+00
   2.4485091234541683e+00
   2.3321364828037781e+00
   2.3326276738165488e+00
   2.4283935893446458e+00
   2.5505718957513039e+00
   2.3368121607613865e+00
   2.4775904402224747e+00
   2.6392751288863594e+00
   2.2581262805706768e+00
   2.2655065527142932e+00
   3.1480992938084902e+00
   2.7005726260277432e+00
   2.7950054506308044e+00
   2.5902422649959451e+00
   2.0390984603575966e+00
   2.2100581232489818e+00
   2.5537404623775362e+00
   2.2408109584320095e+00
   2.1461059045960087e+00
   2.5540950297699090e+00
   2.1142358914612038e+00
   2.3949954292210265e+00
   2.7788129805776314e+00
   2.1786527285186725e+00
   2.5687377051226563e+00
   2.7498233219484609e+00
   2.2142593382970657e+00
   2.7709886507494210e+00
   2.3887404863087416e+00
   2.0083906121163202e+00
   2.5616299303261978e+00
   2.6800533421021959e+00
   3.0690306892699803e+00
   3.0353050990213415e+00
   2.8956279057513448e+00
   2.3681635812936870e+00
   2.5486233814821793e+00
   3.0947749057356977e+00
   2.5338339444579101e+00
   2.7874371900716448e+00
   2.3331411420603412e+00
   2.5671334603513869e+00
   2.4862948506346165e+00
   2.5121098681318812e+00
   2.5531371382670285e+00
   2.6425989941198065e+00
   1.8922059573317971e+00
   2.5335749529089648e+00
   2.3167321115933421e+00
   2.0667436351834718e+00
   2.2520262404819320e+00
   2.7034606448105398e+00
   2.6183388348118068e+00
   2.8549805874211978e+00
   2.3743073696820733e+00
   2.4111186095659747e+00
   2.4996563348706977e+00
   2.3687064264745490e+00
   2.6869766424635744e+00
   2.5045424301836134e+00
