   2.6924978718884390e-01
   2.9985888179299419e-01
   5.7438662241416938e-01
   6.0352916062473094e-01
   7.5144002448808334e-01
   1.2305915096892583e+00
   1.7984440202483656e+00
   2.7729886128052632e+00
   1.5942994621430839e+00
   2.7059612917502376e+00
   1.8165549003177288e+00
   2.1010653918032900e+00
   2.4725256310259103e+00
   2.8370518843642882e+00
   3.2031973603059587e+00
   2.8432404062573311e+00
   2.5471194359342735e+00
   2.2869462363794324e+00
   2.6057807312220067e+00
   3.2480531714686194e+00
   2.4954313802672563e+00
   2.3676042954373604e+00
   2.2814220943385535e+00
   2.7189921788379134e+00
   3.2663736580143321e+00
   2.4071518605629048e+00
   2.3635337234991880e+00
   2.6657338321508921e+00
   3.1772015077767719e+00
   2.6594476080089384e+00
   2.2502572254728554e+00
   2.6724241902158421e+00
   3.1183173430857862e+00
   2.5600667603725156e+00
   2.2106945928056483e+00
   2.1342269587585263e+00
   2.7646163030586779e+00
   2.9134190332378296e+00
   2.2704852817582721e+00
   2.1251321721266825e+00
   2.3240662337253752e+00
   2.4304470653643082e+00
   2.6383790233485431e+00
   2.8137283071893502e+00
   2.2641270634112520e+00
   2.1963146767527970e+00
   2.2158869015037177e+00
   2.8803076922160185e+00
   2.5446564201249227e+00
   2.0450317639265831e+00
   2.2158082642418346e+00
   2.2742630047974397e+00
   2.8982161500385253e+00
   2.6086784503909901e+00
   2.1827466262540955e+00
   2.1170011582587107e+00
   2.8469495342962694e+00
   2.4516359085293291e+00
   2.2330800224966714e+00
   2.1709574427772895e+00
   2.4343717174886761e+00
   2.7797769085982673e+00
   2.2901398719461188e+00
   2.4094710576723517e+00
   2.3934874373450383e+00
   2.4428451924892629e+00
   2.7723004557226147e+00
   2.2791612710420401e+00
   2.0824888105851396e+00
   2.4584393248049916e+00
   2.9548661978464419e+00
   2.2608303930909051e+00
   2.7095292226909762e+00
   3.3271039580048378e+00
   2.6266344374957100e+00
   2.2944285223782419e+00
   2.5191064685462345e+00
   2.7205716277808798e+00
   2.0853349594806239e+00
   1.9553736546911131e+00
   2.6410000565901988e+00
   2.6956923096108656e+00
   1.8996441487943014e+00
   2.4558153342848019e+00
   2.5490692963070929e+00
   2.2834270127591272e+00
   2.0828765618699352e+00
   2.5298194098630828e+00
   2.7933606798534401e+00
   2.6078992373771328e+00
   3.1618031927650456e+00
   2.5192416525719890e+00
   2.1074802605174758e+00
   2.4482789567192640e+00
   2.5914934720218952e+00
   2.2272254519078656e+00
   2.5817327174875433e+00
   3.1230062523103541e+00
   2.4330336369810475e+00
   2.4983577658539127e+00
   2.6501553682389756e+00
   2.3424604621243890e+00
   2.1310221302412455e+00
   2.2775463603832571e+00
   2.5229374962309166e+00
   2.3399241041078058e+00
   2.0646087429997340e+00
   2.4568602521869383e+00
   2.6277148621355244e+00
   2.4135869120862692e+00
   2.7587065613860529e+00
   2.9555136627012253e+00
   1.9141680828551400e+00
   2.4563490290581589e+00
   2.6388211683064084e+00
   2.2622557105420045e+00
   2.2015936128844547e+00
   2.6306744904267361e+00
   2.1927181172255441e+00
   2.2183573997856181e+00
   2.7529139479767220e+00
   2.2617139795074119e+00
   2.2371779388910871e+00
   2.2960170915051177e+00
   2.7574810714542402e+00
   2.0722662416846860e+00
   2.7780309682951718e+00
   2.8761652186953865e+00
   3.0757682930655807e+00
   2.6283698506725575e+00
   2.3679459757324408e+00
   2.5495732843988335e+00
   2.7077009105597192e+00
   2.7174471542470147e+00
   2.5191833185413151e+00
   2.3919609789991267e+00
   2.2296460803304412e+00
   2.5888266711218457e+00
   2.2875634589210874e+00
   2.3572660980548372e+00
   2.1855186461034801e+00
   2.5378300403560998e+00
   2.2959679894945975e+00
   2.2043826932061865e+00
   2.3594946241851340e+00
   2.5759178375391421e+00
   2.5665069495187263e+00
   2.2688520224345785e+00
   2.4634183317395286e+00
   2.6050326164786362e+00
   2.1962176433407108e+00
   2.6792070971949111e+00
   3.1860004344432249e+00
   2.5813062522189214e+00
   2.5530828387817728e+00
   2.4093518721952392e+00
   2.1455248293417282e+00
   2.6466549038103437e+00
   2.2844789358723072e+00
   2.5379458793707337e+00
   2.6597738838246459e+00
   2.5673813581964251e+00
   2.3681329427174616e+00
   2.5461768773575280e+00
   2.2423156908476369e+00
   2.4309591277132858e+00
   2.9540683704400190e+00
   2.6925926941694174e+00
   2.6497574498951235e+00
   2.6069374018345570e+00
   2.2445387722207268e+00
   2.5700346398126914e+00
   2.4587377030224791e+00
   2.3442522248687840e+00
   2.3921410421133462e+00
   3.0357314967873785e+00
   2.3841255850085687e+00
   2.6244865184034687e+00
   2.4486453787034903e+00
   2.2537236568920109e+00
   2.4837184359680764e+00
   2.5444978366505953e+00
   2.3242651659830900e+00
   3.1582599985961122e+00
   2.8904108889703690e+00
   2.7676365082315120e+00
   2.3872941768927709e+00
   2.0562354689221856e+00
   2.2119793124603193e+00
   2.5820725829227729e+00
   2.3946309275418058e+00
   2.9880247567740499e+00
   2.6322467259930153e+00
   2.3489675665503542e+00
   2.5126226619447252e+00
   2.1858648760144406e+00
   2.2651400222809190e+00
   2.5660199015778318e+00
   2.3628533160318437e+00
   2.5207920015925644e+00
