   1.3173911312576270e-01
   5.6425269865468985e-01
   8.0138387810698353e-01
   7.7217591773071526e-01
   7.3878196926748463e-01
   1.0058235877603390e+00
   2.5508032906582385e+00
   1.4371665326747589e+00
   1.8990734255883521e+00
   2.2807526052876064e+00
   2.0485682876725981e+00
   3.0646415125749527e+00
   2.6995094406768652e+00
   3.2966904554716714e+00
   2.4947668400659255e+00
   2.0600320276842070e+00
   2.4999745744788111e+00
   2.3090363305706965e+00
   2.9289448315890865e+00
   3.1926748082260028e+00
   2.3750199591446428e+00
   2.3636234771001652e+00
   2.2921027231912063e+00
   2.7650204706122667e+00
   3.0837252300631359e+00
   2.4291941957598775e+00
   2.1165828179394888e+00
   2.5536258434183878e+00
   3.1687111167356639e+00
   2.5558525653951110e+00
   2.4286054867819509e+00
   2.4520796504524647e+00
   2.8218418315032907e+00
   3.0240112862171333e+00
   2.2619719573256787e+00
   2.5327111071259796e+00
   2.6773079453145052e+00
   3.0641937077785659e+00
   2.0258894556615883e+00
   2.0087414554249059e+00
   2.3048490045303329e+00
   2.9324938802766756e+00
   2.6567802190425782e+00
   2.1955583565596131e+00
   2.1678205028838731e+00
   2.5207187297450084e+00
   2.3062054532240732e+00
   2.9449536837311303e+00
   2.4051462360864138e+00
   2.2202188014819302e+00
   2.1310788336491822e+00
   2.8256959458180670e+00
   2.6950858935636028e+00
   2.3782903172425511e+00
   2.2051342299158949e+00
   2.4873223809931040e+00
   2.4921584401612971e+00
   2.4965643635249495e+00
   2.2708163959345007e+00
   2.3458550459547656e+00
   2.7058258718727979e+00
   2.4241001165713607e+00
   2.4620162852902796e+00
   2.5264971075432809e+00
   2.3651477755860388e+00
   2.5586438310553437e+00
   2.5048621921855379e+00
   2.3092710773531211e+00
   2.5048675049406248e+00
   3.0032689649470128e+00
   2.7992160227608505e+00
   3.0527392247668361e+00
   2.6328818647243590e+00
   2.5005399616791997e+00
   2.0950292039606859e+00
   2.6088938677777742e+00
   2.5158172256329672e+00
   2.0799424552038488e+00
   2.1807210802455921e+00
   2.2461868775712297e+00
   2.7073873456632005e+00
   2.2517729216619151e+00
   2.1657030831277710e+00
   2.4538999148226845e+00
   2.7375127941195694e+00
   2.3800098007037271e+00
   2.3263343141805062e+00
   3.2850854621166006e+00
   2.6152451041961662e+00
   2.5021391633670720e+00
   2.6962219168664561e+00
   2.4413118654312815e+00
   2.0443946239745237e+00
   2.1478985902223600e+00
   2.4637214500249160e+00
   2.6619465187423534e+00
   1.9375640756944659e+00
   1.7980575273738431e+00
   2.6912329896114140e+00
   2.4819291464312379e+00
   2.0714038003313369e+00
   2.2938491164598864e+00
   2.5240873281535467e+00
   2.2917256940475523e+00
   2.3272380849100434e+00
   2.4591392592074901e+00
   2.9476671078220291e+00
   2.8077084337976541e+00
   2.5332135759664864e+00
   2.5167028344658058e+00
   2.3831734860744445e+00
   2.2946461031519263e+00
   2.5333088710263896e+00
   2.8734642837846667e+00
   2.6187223279131735e+00
   2.4801852436078651e+00
   2.7325141674642373e+00
   2.1966618473209185e+00
   2.2753451101359654e+00
   2.5028829494508682e+00
   2.4281161091617869e+00
   2.1182815634030852e+00
   2.5630749596486972e+00
   3.1278865215873557e+00
   2.5607900833709056e+00
   3.2837336430743154e+00
   2.2405355136997231e+00
   2.1942481439867572e+00
   2.8050700098156436e+00
   2.2356283496258462e+00
   2.0191112132878701e+00
   2.6842949903180631e+00
   2.7920307398357282e+00
   2.3135094473468798e+00
   2.9243989355807085e+00
   2.2615879807230610e+00
   2.2789921967555813e+00
   2.7015141308655743e+00
   2.3972619100690102e+00
   2.3447998504823384e+00
   2.5121421306204565e+00
   2.5295557177119292e+00
   2.3609461661602338e+00
   2.2798652298051278e+00
   2.4237497364079670e+00
   2.3097591166751088e+00
   2.3618234405212171e+00
   2.5970883954425297e+00
   2.2575364080670188e+00
   2.0882316667005840e+00
   2.7856077072293459e+00
   2.7664062238461473e+00
   2.8403392160304084e+00
   2.8334584174757662e+00
   2.0791143648231594e+00
   2.1527858614344511e+00
   2.5971183033025396e+00
   2.2938024229330694e+00
   2.0961869968917184e+00
   2.6488619448468622e+00
   2.3215364551871214e+00
   2.6669047022968186e+00
   2.7286906215650930e+00
   2.0997959865819467e+00
   2.5416719550906053e+00
   2.5556673092641704e+00
   2.0446561239226115e+00
   2.5945433495151700e+00
   2.4186448978883583e+00
   2.0147154215336802e+00
   2.4677593067057035e+00
   2.3877333993937535e+00
   2.4816559594159320e+00
   2.4996210391235563e+00
   2.8738731778048137e+00
   2.8169324830113922e+00
   2.6487364125467243e+00
   3.3539712454040314e+00
   2.6518519291477927e+00
   2.6459750966881148e+00
   2.4170027550897499e+00
   2.4031604872630581e+00
   2.4430889476739690e+00
   2.5163995977044076e+00
   2.2154509923991790e+00
   3.3237437823550566e+00
   2.4307506711528326e+00
   2.6412842795351144e+00
   2.3731509850295720e+00
   2.0250568351462088e+00
   2.1245339745125427e+00
   2.4888355661296546e+00
   2.2813376674017540e+00
   2.3642223072189270e+00
   2.8306186910002999e+00
   2.5629244393449206e+00
   2.7243801629749038e+00
   2.2865789001107686e+00
   2.5963158192687374e+00
   2.6111023306357550e+00
