   2.6924978905152730e-01
   2.9985888163630980e-01
   5.7438656479519101e-01
   6.0352917195324263e-01
   7.5145728713923343e-01
   1.2318351753041550e+00
   1.8282119473422607e+00
   2.7987674527331809e+00
   1.6408612668951292e+00
   2.7195034128699178e+00
   1.7610783589769261e+00
   2.2137180157910437e+00
   2.3131709008758294e+00
   2.6178985613523902e+00
   3.0944168187148606e+00
   2.9603703969283366e+00
   2.7885518091216550e+00
   2.2714352570484868e+00
   2.6904657204343883e+00
   3.2913897356018307e+00
   2.4326122286618386e+00
   2.2861301800057943e+00
   2.2076530276331514e+00
   2.5791914239393035e+00
   3.3110348960295988e+00
   2.3930554127190917e+00
   2.2283037658829770e+00
   2.2428546024248530e+00
   2.6879255813264629e+00
   3.1293162170966893e+00
   2.4318607253636690e+00
   2.6013945289623988e+00
   3.0728871391273085e+00
   2.6244997062695261e+00
   2.2788250646184216e+00
   2.2106377131898323e+00
   2.8940228229390312e+00
   2.9496004162273319e+00
   2.3004051222510076e+00
   2.2239631603060421e+00
   2.3868034204864217e+00
   2.5375061370475867e+00
   2.7861319064134462e+00
   2.8121213333240989e+00
   2.2001355978797874e+00
   2.1462496616542275e+00
   2.1995848096628277e+00
   2.8511057228597649e+00
   2.6051103532291324e+00
   2.0462006533914896e+00
   2.1750605089186794e+00
   2.1176904465656055e+00
   2.5716813022222493e+00
   2.7840977334698587e+00
   2.3374417731459420e+00
   2.0794260049960669e+00
   2.8134117392487359e+00
   2.6212651961664637e+00
   2.2999997214991561e+00
   2.1869193329281242e+00
   2.4262198835175162e+00
   2.7854482446719424e+00
   2.2846495837770466e+00
   2.4418549270220886e+00
   2.4253778045530878e+00
   2.4622993847931678e+00
   2.7542431073818459e+00
   2.2652245301970648e+00
   2.1199670202350753e+00
   2.5568289121754439e+00
   2.8431980708011162e+00
   2.0817395971623411e+00
   2.1455089705734580e+00
   2.5037535078165725e+00
   3.1452698152437439e+00
   2.8935693367505899e+00
   2.7714267309805463e+00
   2.8514201497951026e+00
   2.1275638298660446e+00
   1.9226196628882504e+00
   2.5648310642729157e+00
   2.7288396266458443e+00
   1.9559450776888687e+00
   2.4558148045314292e+00
   2.5026129856373052e+00
   2.2693017994061897e+00
   2.1187818026075473e+00
   2.4818878008561707e+00
   2.5669849733950487e+00
   2.0757980906417339e+00
   2.1491215621236139e+00
   2.6092548690577861e+00
   2.5470217047616210e+00
   2.3330679466284736e+00
   3.0222989264678608e+00
   2.7905950677669158e+00
   2.2315301678302477e+00
   2.6325739360799085e+00
   2.5267364677394144e+00
   2.3554607718690388e+00
   2.7420527707063229e+00
   3.1259149457713447e+00
   2.4471769597683317e+00
   2.3659724606510566e+00
   2.5263806655066712e+00
   2.3096388399507282e+00
   2.0793575189072988e+00
   2.4578281974622667e+00
   2.5414597610082832e+00
   2.1894292712796997e+00
   2.0559399462479249e+00
   2.9830344651978278e+00
   2.4742161771885063e+00
   2.5901648345253134e+00
   2.8590488881757583e+00
   2.3604583275636477e+00
   2.3173537577797023e+00
   2.6666849732885822e+00
   2.1781296557911944e+00
   2.2610828968897079e+00
   2.7341746022022955e+00
   2.2087762134512201e+00
   2.2514179342991283e+00
   2.2648618057176071e+00
   2.6274278000783093e+00
   2.0520718673549396e+00
   2.6375917450497597e+00
   2.3295745150268172e+00
   2.7921258241913374e+00
   3.0604743197560822e+00
   2.7518177085538973e+00
   2.5626909194763612e+00
   2.6183723007886921e+00
   2.7467527152237650e+00
   2.6988609691605681e+00
   2.4375930629809579e+00
   2.2344088103401840e+00
   2.6378954128954435e+00
   2.3182957592354541e+00
   2.3578069597019007e+00
   2.1959516213648929e+00
   2.5350387211833780e+00
   2.2527900907002159e+00
   2.1655109698448776e+00
   2.3403613907062679e+00
   2.5041517831516127e+00
   2.3538698561388371e+00
   2.1104762053965613e+00
   2.4085544026635048e+00
   2.4600650616754858e+00
   2.0757441917550370e+00
   2.3323263025123859e+00
   2.6591639549337844e+00
   2.5127333015068021e+00
   2.2437322884853539e+00
   2.7257009769346592e+00
   2.2017483469239654e+00
   2.6492336074837453e+00
   2.8876991534704923e+00
   2.9138795752020807e+00
   2.5923418731694503e+00
   2.6644920870206183e+00
   2.4060697419634889e+00
   2.6215622322406071e+00
   2.4625887339747652e+00
   2.4518156295590785e+00
   2.7932931309719393e+00
   2.4106445333285396e+00
   2.5235350094260123e+00
   2.8931109503925763e+00
   2.7178596354910369e+00
   2.7808332706433045e+00
   2.5265451872005182e+00
   2.3609709846703897e+00
   2.1143671649686211e+00
   2.7289718044511151e+00
   2.2770373357852218e+00
   2.5408478423476746e+00
   2.7308253161495935e+00
   2.4499959952099548e+00
   2.4207831638153121e+00
   2.6041784101417145e+00
   2.1564116292557611e+00
   2.5528477085214849e+00
   2.6339001869759033e+00
   2.9088116967956039e+00
   3.1209170335010521e+00
   2.2622592695521750e+00
   2.2149327142460788e+00
   2.5016859941706531e+00
   2.2104968602309176e+00
   2.5804981219944523e+00
   2.8074492092579391e+00
   2.3808816017379293e+00
   2.8003966601511041e+00
   2.4788577989916365e+00
   2.5801551783134453e+00
   2.7333972402272004e+00
   2.2719943931978692e+00
   2.5061923994831119e+00
