   6.1284768245407861e-01
   6.4202928270618242e-01
   4.8991428397214087e-01
   3.4643972682757412e-01
   5.2680093537939499e-01
   6.9832333377998312e-01
   1.1112593909481145e+00
   2.7311006945129757e+00
   1.7090424502463248e+00
   2.2656104994916326e+00
   2.1819598409797512e+00
   1.8288336790113380e+00
   1.9280040981861541e+00
   1.7790105297995527e+00
   2.5512148632785578e+00
   3.0171880420834118e+00
   3.0826807528449018e+00
   2.4715072809129950e+00
   2.4888704545350864e+00
   3.4152120614604766e+00
   2.4445185951405692e+00
   2.1114134887772233e+00
   2.1971254798759867e+00
   3.0235289231310505e+00
   2.8940981879649801e+00
   2.0155110008344299e+00
   2.3829975927698275e+00
   3.1595116297592645e+00
   2.7530636223836580e+00
   2.3306290027840419e+00
   2.8031188634367807e+00
   2.9067051231947167e+00
   2.3807970330099426e+00
   2.7941770354999731e+00
   2.5874054775049160e+00
   2.5005460381243023e+00
   2.4613471274396055e+00
   2.2220503345449414e+00
   2.7546540314873700e+00
   2.5758980113165602e+00
   2.3775998049367897e+00
   2.1498882257860301e+00
   2.7548120898135311e+00
   2.5211816757216541e+00
   2.2169385759730487e+00
   2.2680821447541524e+00
   2.7173771759813015e+00
   2.5391013947191294e+00
   2.2257103236666702e+00
   2.6863533513727105e+00
   2.7425620507348256e+00
   2.2939186110459220e+00
   2.3653354412173253e+00
   2.9734008456545618e+00
   2.6930904669837528e+00
   2.7966093481884791e+00
   2.9351953911054625e+00
   2.4459347763754611e+00
   2.2946205959230386e+00
   2.7308927827536751e+00
   2.5329108414596027e+00
   2.0407120767236169e+00
   2.0125052746425411e+00
   2.9469160806600501e+00
   2.3592107099498851e+00
   2.1977121415953742e+00
   2.6297548104844721e+00
   2.7608959003748259e+00
   2.1287485545192455e+00
   2.3336709450046325e+00
   2.5921974200600126e+00
   2.3438809042938571e+00
   2.2184720740850521e+00
   2.6738852657108825e+00
   2.4702486207143464e+00
   2.3892834834900940e+00
   2.5588492310795505e+00
   2.9917659047096801e+00
   2.8927697130046566e+00
   2.9440926106872078e+00
   2.6127757620864696e+00
   2.0540820476735817e+00
   2.4030455758742932e+00
   2.6888745783646812e+00
   2.2424276362502917e+00
   1.9238249273773791e+00
   2.5597643953126306e+00
   2.3062488220745343e+00
   2.2079274308023948e+00
   2.3007451634713805e+00
   2.7395993071460096e+00
   2.1855024655287250e+00
   2.2568881719268554e+00
   2.0990629402710250e+00
   2.7411494605676570e+00
   2.0237912032788210e+00
   2.4698198740803923e+00
   2.2796993680338251e+00
   2.5373485553596415e+00
   2.0874823594956124e+00
   2.2260282117774364e+00
   2.9746627472472675e+00
   2.4237587549920931e+00
   3.0494226189361542e+00
   2.5626016123514979e+00
   2.2185185293089078e+00
   2.6248638351128579e+00
   2.2788435512466396e+00
   2.2824956672466370e+00
   3.2138731717749143e+00
   2.3069781064022661e+00
   2.7336694251473452e+00
   2.4062500992669134e+00
   2.1287144786863084e+00
   2.8412816503939751e+00
   2.2590296454640466e+00
   2.4515429563657549e+00
   2.8658656275070404e+00
   2.7798981729283834e+00
   2.9440414173029281e+00
   2.4423589085054234e+00
   2.2478932016960589e+00
   2.5609733239114401e+00
   2.3593682417745092e+00
   2.1098749971706590e+00
   2.6446823656410148e+00
   2.3313670638091093e+00
   1.9494788278840078e+00
   2.4684387868658129e+00
   2.5110938742532203e+00
   1.9969633570246748e+00
   2.6694067231745211e+00
   2.7113511150558209e+00
   2.9281860763909537e+00
   3.1577993816785930e+00
   2.1850600279704397e+00
   2.5341803850510587e+00
   2.3962497814718895e+00
   2.0365735771553615e+00
   2.8105236800134681e+00
   2.2742574889501936e+00
   2.6737310557171741e+00
   2.8807405796091801e+00
   2.1752492574506843e+00
   2.6044769079013843e+00
   2.6513798515568285e+00
   2.2135951823878131e+00
   2.6504089628180516e+00
   2.3693760536878519e+00
   2.1903313272187703e+00
   2.4372346684454613e+00
   2.4087560192584907e+00
   2.2781518054224281e+00
   2.4312764295885283e+00
   2.3748250034827145e+00
   2.1612858389023035e+00
   2.3926865656435856e+00
   2.3451380208208534e+00
   2.1239248943034243e+00
   2.6229524674453950e+00
   2.3717563660435554e+00
   2.0825110494075165e+00
   2.7444745622400970e+00
   2.0953328227316352e+00
   2.6743732833602012e+00
   2.5811561795726878e+00
   2.5715689642109401e+00
   2.4986087170036808e+00
   2.1629624555945015e+00
   2.3175460610997995e+00
   2.3016717717538344e+00
   2.3434616942383548e+00
   2.6136657604444484e+00
   2.6469394619900601e+00
   3.0446918224520072e+00
   2.3629901298552047e+00
   3.0342511524933400e+00
   2.3628548055378595e+00
   2.6233242449212444e+00
   2.7001740365167222e+00
   2.2672871375807215e+00
   2.8953402894426397e+00
   2.4060135791396737e+00
   3.2806458809510959e+00
   2.3901229042188930e+00
   2.5450237425430089e+00
   2.6060374175658891e+00
   2.6086765255079118e+00
   3.2188863348922081e+00
   2.9716925069472278e+00
   2.3736341133578946e+00
   2.6011804208552634e+00
   2.0671151480852790e+00
   2.5841163967125369e+00
   2.1391721081802602e+00
   2.6165574352137653e+00
   2.3495512378481829e+00
   2.6786961140172667e+00
   2.4378694905365896e+00
   2.6821626144472477e+00
